seed1=0
reached here
#trials=1000:
Start Time0.000000 0(-557.75)[-nan] 1(-489.38)[68.38] 2(-499.58)[48.88] 3(-529.50)[37.51] 4(-528.50)[35.99] 5(-543.62)[29.58] 6(-543.64)[27.69] 7(-565.44)[25.12] 8(-560.47)[29.15] 9(-563.38)[26.31] 10(-555.64)[23.94] 11(-550.25)[22.93] 12(-553.19)[21.61] 13(-560.54)[20.24] 14(-551.77)[20.13] 15(-552.12)[20.49] 16(-558.66)[19.28] 17(-558.86)[19.16] 18(-558.63)[18.10] 19(-557.70)[17.15] 20(-553.08)[16.35] 21(-555.16)[16.18] 22(-554.61)[15.58] 23(-556.01)[14.91] 24(-553.81)[14.36] 25(-555.31)[13.95] 26(-557.24)[13.50] 27(-554.29)[13.14] 28seed1=0
reached here
#trials=1000:
Start Time0.000000 0seed1=0
reached here
#trials=100:
Start Time0.000000 0(-557.75)[-nan] 1(-489.38)[68.38] 2(-499.58)[48.88] 3(-529.50)[37.51] 4(-528.50)[35.99] 5(-543.62)[29.58] 6(-543.64)[27.69] 7(-565.44)[25.12] 8(-560.47)[29.15] 9(-563.38)[26.31] 10(-555.64)[23.94] 11(-550.25)[22.93] 12(-553.19)[21.61] 13(-560.54)[20.24] 14(-551.77)[20.13] 15(-552.12)[20.49] 16(-558.66)[19.28] 17(-558.86)[19.16] 18(-558.63)[18.10] 19(-557.70)[17.15] 20(-553.08)[16.35] 21(-555.16)[16.18] 22(-554.61)[15.58] 23(-556.01)[14.91] 24(-553.81)[14.36] 25(-555.31)[13.95] 26(-557.24)[13.50] 27(-554.29)[13.14] 28(-556.40)[12.99] 29(-556.56)[12.71] 30(-559.28)[12.29] 31(-558.79)[12.19] 32(-558.88)[11.82] 33(-556.55)[11.46] 34(-553.49)[11.37] 35(-552.07)[11.44] 36(-551.15)[11.21] 37(-549.66)[10.94] 38(-549.60)[10.75] 39(-551.59)[10.48] 40(-553.25)[10.41] 41(-553.02)[10.28] 42(-550.20)[10.05] 43(-546.95)[10.21] 44(-546.10)[10.47] 45(-547.48)[10.27] 46(-546.80)[10.14] 47(-547.92)[9.95] 48(-549.13)[9.80] 49(-550.92)[9.68] 50(-550.09)[9.65] 51(-549.55)[9.50] 52(-549.42)[9.33] 53(-549.35)[9.15] 54(-548.20)[8.99] 55(-548.03)[8.89] 56(-547.31)[8.74] 57(-549.38)[8.62] 58(-549.11)[8.71] 59(-550.42)[8.57] 60(-548.51)[8.53] 61(-549.68)[8.60] 62(-551.29)[8.54] 63(-550.62)[8.55] 64(-550.05)[8.44] 65(-549.14)[8.33] 66(-548.91)[8.26] 67(-548.15)[8.14] 68(-548.16)[8.05] 69(-547.25)[7.94] 70(-546.74)[7.87] 71(-545.30)[7.78] 72(-543.92)[7.80] 73(-544.34)[7.82] 74(-545.05)[7.72] 75(-545.95)[7.65] 76(-546.56)[7.60] 77(-545.97)[7.53] 78(-545.36)[7.45] 79(-544.52)[7.39] 80(-545.28)[7.34] 81(-545.16)[7.29] 82(-544.84)[7.20] 83(-545.05)[7.12] 84(-543.45)[7.04] 85(-543.54)[7.14] 86(-543.31)[7.05] 87(-543.99)[6.98] 88(-545.44)[6.93] 89(-547.20)[7.00] 90(-547.01)[7.14] 91(-546.45)[7.07] 92(-546.05)[7.01] 93(-545.32)[6.95] 94(-545.59)[6.91] 95(-545.91)[6.85] 96(-546.86)[6.78] 97(-547.81)[6.78] 98(-547.66)[6.78] 99(-548.36)[6.71]
uct(random,width=2,depth=30,par=17560)= -548.36249 6.74575 ( 1648.14 secs 10000 decisions)
stats: policy=uct(width=2,horizon=30,par=17560,random-ties=false)
stats: decisions=10000
stats: policy=random()
stats: decisions=8943532
seed1=0
reached here
#trials=100:
Start Time0.000000 0(-522.25)[-nan] 1(-526.38)[4.12] 2(-516.75)[7.40] 3(-511.81)[8.58] 4(-507.75)[7.70] 5(-511.12)[7.13] 6(-511.18)[6.57] 7(-517.28)[6.09] 8(-523.17)[7.82] 9(-537.12)[9.87] 10(-542.75)[15.49] 11(-538.08)[15.05] 12(-538.25)[14.44] 13(-543.55)[13.41] 14(-538.90)[13.45] 15(-536.77)[13.29] 16(-533.96)[12.64] 17(-543.68)[12.41] 18(-542.37)[14.90] 19(-549.31)[14.26] 20(-548.33)[15.07] 21(-546.68)[14.38] 22(-544.91)[13.83] 23(-544.42)[13.33] 24(-541.98)[12.80] 25(-542.47)[12.51] 26(-541.82)[12.03] 27(-545.07)[11.62] 28(-542.96)[11.64] 29(-541.25)[11.43] 30(-541.87)[11.17] 31(-544.09)[10.84] 32(-545.67)[10.72] 33(-545.13)[10.51] 34(-546.24)[10.21] 35(-545.85)[9.98] 36(-545.94)[9.71] 37(-546.62)[9.45] 38(-546.46)[9.22] 39(-551.25)[9.02] 40(-549.29)[9.97] 41(-548.80)[9.91] 42(-549.80)[9.69] 43(-548.15)[9.52] 44(-545.98)[9.44] 45(-547.36)[9.48] 46(-548.04)[9.37] 47(-547.51)[9.19] 48(-548.56)[9.02] 49(-548.97)[8.89] 50(-548.79)[8.72] 51(-550.44)[8.56] 52(-549.13)[8.55] 53(-549.00)[8.49] 54(-547.12)[8.33] 55(-545.39)[8.39] 56(-545.74)[8.41] 57(-546.35)[8.27] 58(-548.68)[8.16] 59(-549.26)[8.34] 60(-549.91)[8.22] 61(-551.60)[8.12] 62(-553.33)[8.16] 63(-553.07)[8.21] 64(-553.97)[8.08] 65(-554.53)[8.01] 66(-552.78)[7.91] 67(-551.89)[7.98] 68(-550.63)[7.92] 69(-549.76)[7.90] 70(-549.93)[7.83] 71(-548.73)[7.73] 72(-547.47)[7.71] 73(-548.75)[7.71] 74(-550.50)[7.71] 75(-552.22)[7.80] 76(-552.00)[7.89] 77(-554.01)[7.79] 78(-553.30)[7.94] 79(-552.83)[7.88] 80(-553.88)[7.79] 81(-552.45)[7.77] 82(-552.62)[7.80] 83(-552.65)[7.71] 84(-552.40)[7.62] 85(-552.84)[7.53] 86(-553.47)[7.46] 87(-553.03)[7.40] 88(-552.40)[7.33] 89(-552.69)[7.27] 90(-552.62)[7.20] 91(-552.95)[7.12] 92(-553.43)[7.05] 93(-553.02)[6.99] 94(-552.37)[6.93] 95(-553.01)[6.88] 96(-553.02)[6.84] 97(-552.20)[6.77] 98(-551.67)[6.75] 99(-551.02)[6.70]
uct(random,width=2,depth=30,par=18720)= -551.01752 6.73614 ( 1741.09 secs 10000 decisions)
stats: policy=uct(width=2,horizon=30,par=18720,random-ties=false)
stats: decisions=10000
stats: policy=random()
stats: decisions=9496445
seed1=0
reached here
#trials=100:
Start Time0.000000 0(-514.50)[-nan] 1(-534.00)[19.50] 2(-522.25)[16.10] 3(-538.88)[16.39] 4(-537.40)[17.53] 5(-543.29)[14.31] 6(-533.14)[13.55] 7(-552.47)[16.24] 8(-547.44)[22.16] 9(-550.67)[20.23] 10(-557.07)[18.55] 11(-562.65)[17.91] 12(-566.60)[17.24] 13(-560.95)[16.40] 14(-563.85)[16.12] 15(-561.75)[15.30] 16(-557.63)[14.51] 17(-557.15)[14.20] 18(-552.86)[13.46] 19(-548.75)[13.42] 20(-548.30)[13.33] 21(-553.59)[12.75] 22(-552.71)[13.18] 23(-552.00)[12.64] 24(-551.14)[12.13] 25(-558.43)[11.77] 26(-561.01)[13.32] 27(-558.27)[13.08] 28(-559.84)[12.89] 29(-562.85)[12.55] 30(-562.81)[12.47] 31(-565.40)[12.08] 32(-562.60)[11.98] 33(-561.38)[11.93] 34(-560.53)[11.64] 35(-562.38)[11.34] 36(-561.34)[11.17] 37(-559.93)[10.92] 38(-558.96)[10.72] 39(-560.25)[10.49] 40(-559.82)[10.31] 41(-561.70)[10.07] 42(-562.07)[10.00] 43(-561.05)[9.77] 44(-559.84)[9.61] 45(-558.39)[9.47] 46(-558.03)[9.37] 47(-557.08)[9.18] 48(-554.96)[9.04] 49(-555.33)[9.10] 50(-554.60)[8.92] 51(-552.92)[8.78] 52(-552.11)[8.77] 53(-550.42)[8.64] 54(-550.42)[8.65] 55(-549.79)[8.49] 56(-550.51)[8.36] 57(-551.17)[8.24] 58(-550.81)[8.13] 59(-550.00)[8.00] 60(-551.09)[7.91] 61(-550.31)[7.85] 62(-550.74)[7.77] 63(-551.41)[7.65] 64(-551.93)[7.56] 65(-551.21)[7.47] 66(-551.79)[7.39] 67(-552.51)[7.30] 68(-551.51)[7.23] 69(-550.88)[7.19] 70(-552.65)[7.12] 71(-552.04)[7.24] 72(-551.29)[7.16] 73(-552.04)[7.10] 74(-551.34)[7.05] 75(-551.49)[6.99] 76(-551.85)[6.90] 77(-550.90)[6.82] 78(-550.55)[6.80] 79(-551.70)[6.72] 80(-553.35)[6.73] 81(-554.71)[6.85] 82(-555.72)[6.90] 83(-555.57)[6.89] 84(-556.41)[6.81] 85(-555.29)[6.78] 86(-555.18)[6.79] 87(-555.59)[6.72] 88(-554.78)[6.65] 89(-555.34)[6.63] 90(-554.54)[6.58] 91(-554.98)[6.55] 92(-555.39)[6.49] 93(-555.45)[6.44] 94(-554.08)[6.37] 95(-553.82)[6.45] 96(-554.72)[6.39] 97(-554.17)[6.38] 98(-554.34)[6.34] 99(-554.79)[6.28]
uct(random,width=2,depth=30,par=19880)= -554.78998 6.29535 ( 1840.80 secs 10000 decisions)
stats: policy=uct(width=2,horizon=30,par=19880,random-ties=false)
stats: decisions=10000
stats: policy=random()
stats: decisions=10052892
seed1=0
reached here
#trials=100:
Start Time0.000000 0(-612.75)[-nan] 1(-581.62)[31.12] 2(-531.17)[41.92] 3(-508.94)[45.58] 4(-514.05)[38.12] 5(-510.92)[30.80] 6(-501.29)[26.10] 7(-532.06)[26.53] 8(-529.17)[35.57] 9(-521.30)[31.83] 10(-520.68)[29.51] 11(-526.10)[26.88] 12(-526.69)[25.14] 13(-525.20)[23.21] 14(-519.78)[21.65] 15(-523.94)[20.86] 16(-524.04)[19.94] 17(-531.74)[18.86] 18(-531.92)[19.23] 19(-530.66)[18.22] 20(-532.18)[17.36] 21(-537.49)[16.63] 22(-539.85)[16.68] 23(-542.16)[16.12] 24(-541.87)[15.60] 25(-544.88)[14.99] 26(-542.40)[14.71] 27(-542.96)[14.37] 28(-539.82)[13.88] 29(-542.04)[13.74] 30(-545.44)[13.47] 31(-544.82)[13.45] 32(-545.85)[13.04] 33(-546.63)[12.69] 34(-544.70)[12.34] 35(-545.22)[12.14] 36(-546.94)[11.81] 37(-547.57)[11.62] 38(-547.82)[11.33] 39(-546.37)[11.04] 40(-545.07)[10.86] 41(-547.88)[10.68] 42(-545.77)[10.78] 43(-545.14)[10.73] 44(-546.54)[10.51] 45(-547.27)[10.37] 46(-546.61)[10.17] 47(-546.43)[9.97] 48(-546.07)[9.77] 49(-547.60)[9.58] 50(-547.66)[9.50] 51(-549.17)[9.32] 52(-548.63)[9.26] 53(-548.98)[9.10] 54(-548.34)[8.94] 55(-549.67)[8.80] 56(-549.86)[8.74] 57(-548.78)[8.59] 58(-549.85)[8.51] 59(-550.44)[8.44] 60(-549.95)[8.32] 61(-549.87)[8.19] 62(-549.95)[8.06] 63(-549.18)[7.93] 64(-549.26)[7.85] 65(-549.04)[7.73] 66(-549.06)[7.61] 67(-549.89)[7.50] 68(-550.72)[7.44] 69(-550.28)[7.37] 70(-550.40)[7.28] 71(-550.37)[7.18] 72(-549.43)[7.08] 73(-550.43)[7.05] 74(-551.82)[7.02] 75(-552.56)[7.06] 76(-552.13)[7.01] 77(-552.16)[6.93] 78(-552.27)[6.84] 79(-551.56)[6.76] 80(-551.31)[6.71] 81(-552.77)[6.63] 82(-552.46)[6.71] 83(-553.76)[6.64] 84(-554.28)[6.68] 85(-554.15)[6.62] 86(-554.89)[6.55] 87(-554.70)[6.51] 88(-554.26)[6.44] 89(-553.42)[6.39] 90(-553.34)[6.37] 91(-553.69)[6.30] 92(-553.97)[6.24] 93(-553.42)[6.18] 94(-553.17)[6.14] 95(-552.50)[6.08] 96(-552.26)[6.05] 97(-552.47)[5.99] 98(-551.27)[5.94] 99(-551.22)[6.00]
uct(random,width=2,depth=30,par=21040)= -551.22247 5.99682 ( 1941.58 secs 10000 decisions)
stats: policy=uct(width=2,horizon=30,par=21040,random-ties=false)
stats: decisions=10000
stats: policy=random()
stats: decisions=10601871
seed1=0
reached here
#trials=100:
Start Time0.000000 0(-596.50)[-nan] 1(-560.62)[35.88] 2(-548.50)[26.78] 3(-552.25)[19.72] 4(-556.95)[15.23] 5(-569.96)[14.02] 6(-552.93)[17.39] 7(-546.38)[21.01] 8(-551.72)[19.35] 9(-554.05)[17.86] 10(-555.43)[16.22] 11(-553.56)[14.81] 12(-552.23)[13.68] 13(-549.05)[12.72] 14(-552.83)[12.22] 15(-554.92)[11.95] 16(-550.63)[11.42] 17(-544.99)[11.57] 18(-547.36)[12.17] 19(-548.58)[11.75] 20(-546.35)[11.23] 21(-549.41)[10.93] 22(-548.89)[10.83] 23(-546.42)[10.39] 24(-549.46)[10.25] 25(-551.13)[10.27] 26(-554.85)[10.03] 27(-552.57)[10.31] 28(-552.11)[10.18] 29(-551.49)[9.84] 30(-551.72)[9.53] 31(-551.89)[9.23] 32(-550.48)[8.95] 33(-549.25)[8.79] 34(-546.95)[8.62] 35(-547.25)[8.67] 36(-548.77)[8.43] 37(-548.50)[8.34] 38(-552.18)[8.14] 39(-550.29)[8.71] 40(-548.93)[8.69] 41(-550.55)[8.59] 42(-549.70)[8.53] 43(-550.19)[8.38] 44(-552.38)[8.21] 45(-550.66)[8.31] 46(-552.55)[8.31] 47(-552.77)[8.34] 48(-551.27)[8.17] 49(-549.90)[8.14] 50(-550.25)[8.09] 51(-548.65)[7.94] 52(-549.32)[7.95] 53(-548.43)[7.83] 54(-547.95)[7.73] 55(-547.83)[7.60] 56(-549.29)[7.47] 57(-550.28)[7.48] 58(-550.86)[7.42] 59(-550.61)[7.31] 60(-550.35)[7.20] 61(-549.77)[7.08] 62(-550.90)[6.99] 63(-552.33)[6.97] 64(-552.51)[7.01] 65(-551.92)[6.90] 66(-553.23)[6.82] 67(-552.18)[6.84] 68(-551.69)[6.82] 69(-551.94)[6.74] 70(-553.09)[6.65] 71(-553.05)[6.66] 72(-553.14)[6.56] 73(-553.55)[6.47] 74(-553.52)[6.40] 75(-553.57)[6.31] 76(-553.75)[6.23] 77(-553.38)[6.15] 78(-554.84)[6.09] 79(-555.75)[6.18] 80(-554.07)[6.17] 81(-554.32)[6.32] 82(-555.96)[6.25] 83(-555.89)[6.38] 84(-555.47)[6.31] 85(-555.47)[6.25] 86(-555.14)[6.17] 87(-555.09)[6.11] 88(-554.95)[6.04] 89(-554.39)[5.98] 90(-554.88)[5.93] 91(-554.94)[5.89] 92(-555.46)[5.83] 93(-555.16)[5.79] 94(-555.12)[5.73] 95(-555.13)[5.67] 96(-554.95)[5.61] 97(-555.91)[5.56] 98(-555.99)[5.58] 99(-555.40)[5.53]
uct(random,width=2,depth=30,par=22200)= -555.39752 5.55919 ( 2045.54 secs 10000 decisions)
stats: policy=uct(width=2,horizon=30,par=22200,random-ties=false)
stats: decisions=10000
stats: policy=random()
stats: decisions=11146435
seed1=0
reached here
#trials=100:
Start Time0.000000 0(-567.75)[-nan] 1(-523.25)[44.50] 2(-552.42)[37.62] 3(-592.62)[39.32] 4(-608.10)[42.88] 5(-589.12)[37.45] 6(-589.11)[34.98] 7(-578.47)[30.25] 8(-583.28)[28.11] 9(-576.83)[25.44] 10(-569.11)[23.75] 11(-569.00)[22.70] 12(-575.31)[20.89] 13(-575.88)[20.14] 14(-573.73)[18.72] 15(-567.91)[17.65] 16(-565.79)[17.43] 17(-560.38)[16.58] 18(-556.41)[16.50] 19(-549.84)[16.15] 20(-550.70)[16.56] 21(-556.03)[15.84] 22(-553.74)[15.96] 23(-552.05)[15.43] 24(-552.22)[14.87] 25(-552.79)[14.28] 26(-550.34)[13.75] 27(-547.46)[13.46] 28(-543.76)[13.29] 29(-542.98)[13.32] 30(-545.45)[12.91] 31(-543.88)[12.72] 32(-543.92)[12.42] 33(-542.85)[12.04] 34(-542.76)[11.73] 35(-545.49)[11.41] 36(-547.89)[11.41] 37(-547.72)[11.35] 38(-549.90)[11.05] 39(-546.05)[11.00] 40(-546.13)[11.36] 41(-547.61)[11.09] 42(-547.63)[10.92] 43(-548.28)[10.66] 44(-548.77)[10.44] 45(-549.40)[10.22] 46(-547.93)[10.02] 47(-547.88)[9.91] 48(-546.96)[9.71] 49(-549.35)[9.56] 50(-548.26)[9.66] 51(-548.87)[9.53] 52(-549.67)[9.36] 53(-548.36)[9.22] 54(-547.75)[9.14] 55(-548.62)[9.00] 56(-548.34)[8.88] 57(-547.41)[8.73] 58(-547.96)[8.63] 59(-548.38)[8.50] 60(-548.49)[8.37] 61(-547.91)[8.23] 62(-549.54)[8.12] 63(-549.40)[8.15] 64(-547.57)[8.03] 65(-548.11)[8.11] 66(-547.83)[8.00] 67(-550.09)[7.89] 68(-549.20)[8.09] 69(-548.85)[8.02] 70(-549.26)[7.91] 71(-549.55)[7.81] 72(-548.50)[7.71] 73(-548.27)[7.67] 74(-548.06)[7.57] 75(-549.11)[7.48] 76(-548.54)[7.45] 77(-548.52)[7.37] 78(-547.78)[7.28] 79(-547.77)[7.22] 80(-546.95)[7.14] 81(-546.06)[7.09] 82(-546.53)[7.06] 83(-545.90)[6.99] 84(-548.10)[6.94] 85(-548.56)[7.19] 86(-549.47)[7.13] 87(-549.53)[7.10] 88(-549.86)[7.02] 89(-549.46)[6.95] 90(-549.23)[6.88] 91(-549.45)[6.81] 92(-549.44)[6.74] 93(-550.02)[6.67] 94(-551.56)[6.63] 95(-552.50)[6.73] 96(-552.97)[6.73] 97(-553.26)[6.67] 98(-552.77)[6.61] 99(-552.38)[6.56]
uct(random,width=2,depth=30,par=23360)= -552.37750 6.57392 ( 2246.22 secs 10000 decisions)
stats: policy=uct(width=2,horizon=30,par=23360,random-ties=false)
stats: decisions=10000
stats: policy=random()
stats: decisions=12237167
seed1=0
reached here
#trials=100:
Start Time0.000000 0(-511.50)[-nan] 1(-533.75)[22.25] 2(-580.83)[36.82] 3(-554.94)[42.56] 4(-559.10)[37.42] 5(-535.25)[31.96] 6(-538.43)[33.25] 7(-542.47)[28.67] 8(-548.81)[25.44] 9(-542.50)[23.40] 10(-539.66)[21.83] 11(-537.23)[20.02] 12(-535.69)[18.49] 13(-543.73)[17.27] 14(-545.82)[17.70] 15(-544.67)[16.64] 16(-545.19)[15.64] 17(-549.31)[14.76] 18(-550.61)[14.47] 19(-549.29)[13.77] 20(-549.98)[13.14] 21(-546.22)[12.56] 22(-545.82)[12.52] 23(-547.43)[11.98] 24(-548.24)[11.59] 25(-542.99)[11.20] 26(-541.93)[11.90] 27(-542.03)[11.50] 28(-543.29)[11.09] 29(-544.75)[10.78] 30(-546.80)[10.53] 31(-547.27)[10.38] 32(-547.91)[10.06] 33(-545.51)[9.79] 34(-545.14)[9.78] 35(-547.29)[9.52] 36(-548.63)[9.49] 37(-549.95)[9.32] 38(-546.44)[9.19] 39(-543.79)[9.59] 40(-544.09)[9.71] 41(-544.32)[9.47] 42(-545.62)[9.25] 43(-545.14)[9.13] 44(-544.70)[8.93] 45(-546.30)[8.75] 46(-547.27)[8.70] 47(-547.23)[8.57] 48(-547.18)[8.39] 49(-548.61)[8.22] 50(-549.84)[8.18] 51(-548.96)[8.11] 52(-547.94)[8.00] 53(-547.08)[7.92] 54(-549.26)[7.82] 55(-549.61)[7.97] 56(-549.70)[7.84] 57(-550.05)[7.70] 58(-550.92)[7.57] 59(-550.81)[7.50] 60(-554.83)[7.39] 61(-553.08)[8.28] 62(-553.41)[8.32] 63(-555.47)[8.20] 64(-556.48)[8.32] 65(-557.05)[8.26] 66(-558.50)[8.15] 67(-557.66)[8.16] 68(-557.63)[8.08] 69(-556.69)[7.96] 70(-556.01)[7.91] 71(-555.29)[7.82] 72(-556.39)[7.75] 73(-556.93)[7.72] 74(-557.76)[7.63] 75(-557.28)[7.58] 76(-556.80)[7.49] 77(-557.07)[7.41] 78(-556.78)[7.32] 79(-555.80)[7.23] 80(-557.79)[7.21] 81(-557.36)[7.39] 82(-558.78)[7.31] 83(-556.66)[7.36] 84(-556.89)[7.57] 85(-557.17)[7.49] 86(-557.67)[7.40] 87(-557.96)[7.34] 88(-558.28)[7.26] 89(-559.44)[7.19] 90(-560.48)[7.20] 91(-561.10)[7.19] 92(-561.54)[7.14] 93(-561.82)[7.08] 94(-562.31)[7.01] 95(-561.89)[6.95] 96(-562.20)[6.89] 97(-561.70)[6.83] 98(-562.15)[6.78] 99(-561.80)[6.72]
uct(random,width=2,depth=30,par=24520)= -561.80249 6.73135 ( 2356.13 secs 10000 decisions)
stats: policy=uct(width=2,horizon=30,par=24520,random-ties=false)
stats: decisions=10000
stats: policy=random()
stats: decisions=12782299
seed1=0
reached here
#trials=100:
Start Time0.000000 0(-629.50)[-nan] 1(-535.00)[94.50] 2(-572.92)[72.00] 3(-569.69)[54.28] 4(-568.05)[40.79] 5(-564.12)[32.71] 6(-544.64)[28.58] 7(-549.94)[29.71] 8(-556.69)[26.52] 9(-554.72)[24.33] 10(-552.84)[21.98] 11(-552.94)[20.05] 12(-555.85)[18.40] 13(-555.50)[17.20] 14(-552.95)[15.99] 15(-554.86)[15.12] 16(-552.53)[14.30] 17(-560.43)[13.77] 18(-559.26)[15.00] 19(-557.39)[14.26] 20(-553.56)[13.69] 21(-554.17)[13.54] 22(-553.53)[12.93] 23(-553.55)[12.39] 24(-557.26)[11.89] 25(-555.08)[11.97] 26(-554.11)[11.70] 27(-553.51)[11.31] 28(-553.66)[10.92] 29(-552.56)[10.54] 30(-551.46)[10.25] 31(-553.38)[9.98] 32(-556.46)[9.86] 33(-555.81)[10.02] 34(-561.26)[9.79] 35(-562.82)[10.89] 36(-565.68)[10.71] 37(-566.00)[10.78] 38(-566.09)[10.50] 39(-565.10)[10.23] 40(-564.87)[10.02] 41(-564.80)[9.78] 42(-564.53)[9.55] 43(-566.76)[9.34] 44(-568.06)[9.38] 45(-566.96)[9.26] 46(-567.14)[9.13] 47(-567.72)[8.93] 48(-566.44)[8.77] 49(-565.22)[8.68] 50(-564.49)[8.59] 51(-564.14)[8.46] 52(-568.64)[8.32] 53(-569.19)[9.28] 54(-568.39)[9.13] 55(-569.01)[9.00] 56(-567.59)[8.86] 57(-567.55)[8.81] 58(-568.72)[8.66] 59(-567.53)[8.59] 60(-565.79)[8.53] 61(-566.07)[8.57] 62(-564.97)[8.43] 63(-566.99)[8.38] 64(-567.73)[8.48] 65(-569.82)[8.39] 66(-569.66)[8.51] 67(-570.93)[8.39] 68(-570.28)[8.36] 69(-569.32)[8.26] 70(-567.20)[8.20] 71(-567.93)[8.35] 72(-567.98)[8.27] 73(-568.09)[8.16] 74(-567.88)[8.05] 75(-566.83)[7.94] 76(-567.90)[7.91] 77(-567.63)[7.88] 78(-567.62)[7.78] 79(-567.95)[7.68] 80(-566.76)[7.59] 81(-565.75)[7.59] 82(-565.25)[7.57] 83(-565.04)[7.49] 84(-565.21)[7.41] 85(-565.38)[7.32] 86(-564.29)[7.24] 87(-564.28)[7.24] 88(-564.17)[7.15] 89(-563.71)[7.07] 90(-563.02)[7.01] 91(-562.36)[6.97] 92(-562.75)[6.92] 93(-563.37)[6.86] 94(-562.92)[6.81] 95(-562.74)[6.76] 96(-562.79)[6.69] 97(-562.63)[6.62] 98(-562.47)[6.55] 99(-562.44)[6.49]
uct(random,width=2,depth=30,par=25680)= -562.44000 6.48957 ( 2458.92 secs 10000 decisions)
stats: policy=uct(width=2,horizon=30,par=25680,random-ties=false)
stats: decisions=10000
stats: policy=random()
stats: decisions=13330566
seed1=0
reached here
#trials=100:
Start Time0.000000 0(-495.50)[-nan] 1(-505.50)[10.00] 2(-546.33)[29.73] 3(-554.25)[33.98] 4(-564.60)[26.67] 5(-565.21)[22.89] 6(-553.71)[19.65] 7(-543.25)[19.91] 8(-548.72)[19.78] 9(-553.38)[18.31] 10(-551.09)[17.01] 11(-544.02)[15.75] 12(-555.77)[16.19] 13(-554.25)[18.47] 14(-552.95)[17.21] 15(-552.39)[16.11] 16(-546.47)[15.18] 17(-544.92)[15.34] 18(-543.62)[14.57] 19(-542.95)[13.86] 20(-540.50)[13.19] 21(-543.53)[12.79] 22(-542.11)[12.55] 23(-544.36)[12.09] 24(-546.92)[11.80] 25(-544.65)[11.60] 26(-541.44)[11.38] 27(-546.60)[11.44] 28(-547.19)[12.10] 29(-545.78)[11.70] 30(-545.10)[11.39] 31(-544.52)[11.04] 32(-542.55)[10.72] 33(-545.96)[10.58] 34(-544.75)[10.79] 35(-543.60)[10.55] 36(-542.48)[10.32] 37(-545.86)[10.12] 38(-545.60)[10.38] 39(-543.95)[10.12] 40(-545.46)[10.00] 41(-544.01)[9.87] 42(-543.51)[9.74] 43(-543.20)[9.53] 44(-542.66)[9.32] 45(-542.35)[9.13] 46(-542.38)[8.93] 47(-541.77)[8.74] 48(-541.56)[8.58] 49(-543.02)[8.41] 50(-542.76)[8.37] 51(-542.82)[8.21] 52(-542.06)[8.05] 53(-543.08)[7.93] 54(-542.00)[7.85] 55(-542.69)[7.78] 56(-542.51)[7.68] 57(-544.08)[7.55] 58(-542.76)[7.58] 59(-543.32)[7.56] 60(-542.74)[7.45] 61(-543.31)[7.35] 62(-543.19)[7.26] 63(-545.50)[7.15] 64(-545.58)[7.40] 65(-546.97)[7.29] 66(-547.19)[7.31] 67(-547.33)[7.20] 68(-546.41)[7.10] 69(-545.59)[7.05] 70(-546.16)[7.00] 71(-545.07)[6.93] 72(-546.12)[6.91] 73(-547.02)[6.90] 74(-546.97)[6.86] 75(-546.84)[6.77] 76(-546.13)[6.68] 77(-545.56)[6.63] 78(-545.99)[6.57] 79(-547.57)[6.51] 80(-548.65)[6.61] 81(-548.22)[6.62] 82(-549.38)[6.55] 83(-549.22)[6.57] 84(-550.22)[6.50] 85(-551.59)[6.50] 86(-551.47)[6.57] 87(-551.32)[6.49] 88(-551.10)[6.42] 89(-551.66)[6.35] 90(-550.91)[6.30] 91(-550.78)[6.28] 92(-549.37)[6.21] 93(-550.30)[6.30] 94(-551.02)[6.30] 95(-550.18)[6.28] 96(-550.30)[6.27] 97(-549.84)[6.21] 98(-549.35)[6.16] 99(-549.10)[6.12]
uct(random,width=2,depth=30,par=26840)= -549.10498 6.12135 ( 2550.54 secs 10000 decisions)
stats: policy=uct(width=2,horizon=30,par=26840,random-ties=false)
stats: decisions=10000
stats: policy=random()
stats: decisions=13891288
seed1=0
reached here
#trials=100:
Start Time0.000000 0(-603.50)[-nan] 1(-583.62)[19.88] 2(-592.42)[15.37] 3(-593.56)[11.82] 4(-572.80)[13.68] 5(-572.79)[19.89] 6(-579.82)[16.82] 7(-580.94)[15.63] 8(-592.14)[14.27] 9(-585.60)[16.28] 10(-577.84)[15.98] 11(-567.40)[16.45] 12(-570.02)[17.88] 13(-569.57)[16.68] 14(-563.20)[15.59] 15(-559.92)[15.74] 16(-556.29)[15.10] 17(-559.42)[14.64] 18(-557.95)[14.14] 19(-556.38)[13.47] 20(-557.31)[12.89] 21(-556.89)[12.30] 22(-556.72)[11.75] 23(-555.73)[11.24] 24(-555.63)[10.82] 25(-553.84)[10.39] 26(-557.15)[10.16] 27(-557.50)[10.29] 28(-555.13)[9.94] 29(-554.32)[9.87] 30(-555.49)[9.57] 31(-554.09)[9.34] 32(-552.73)[9.15] 33(-555.68)[8.98] 34(-557.74)[9.19] 35(-557.19)[9.15] 36(-557.17)[8.91] 37(-561.34)[8.69] 38(-562.01)[9.39] 39(-560.88)[9.18] 40(-560.93)[9.01] 41(-558.75)[8.80] 42(-558.49)[8.85] 43(-558.06)[8.65] 44(-556.95)[8.47] 45(-558.09)[8.35] 46(-557.57)[8.24] 47(-559.84)[8.09] 48(-558.35)[8.23] 49(-558.70)[8.19] 50(-560.64)[8.04] 51(-558.95)[8.11] 52(-559.03)[8.13] 53(-559.47)[7.97] 54(-558.68)[7.84] 55(-558.19)[7.73] 56(-557.41)[7.61] 57(-558.44)[7.52] 58(-559.46)[7.46] 59(-560.12)[7.40] 60(-559.89)[7.31] 61(-561.23)[7.19] 62(-561.81)[7.20] 63(-560.82)[7.11] 64(-560.34)[7.07] 65(-561.65)[6.98] 66(-562.51)[6.99] 67(-562.64)[6.94] 68(-564.23)[6.84] 69(-562.78)[6.92] 70(-562.15)[6.97] 71(-563.38)[6.91] 72(-563.48)[6.92] 73(-564.62)[6.82] 74(-564.65)[6.83] 75(-564.78)[6.74] 76(-563.91)[6.65] 77(-563.08)[6.62] 78(-562.03)[6.59] 79(-562.01)[6.59] 80(-562.31)[6.50] 81(-562.86)[6.43] 82(-562.42)[6.38] 83(-563.51)[6.31] 84(-563.67)[6.33] 85(-564.35)[6.26] 86(-563.77)[6.22] 87(-563.56)[6.18] 88(-563.32)[6.11] 89(-563.25)[6.05] 90(-563.97)[5.98] 91(-564.13)[5.96] 92(-563.76)[5.90] 93(-563.45)[5.85] 94(-564.00)[5.79] 95(-563.95)[5.76] 96(-563.83)[5.70] 97(-564.73)[5.64] 98(-564.67)[5.65] 99(-564.42)[5.60]
uct(random,width=2,depth=30,par=28000)= -564.41998 5.60108 ( 2661.44 secs 10000 decisions)
stats: policy=uct(width=2,horizon=30,par=28000,random-ties=false)
stats: decisions=10000
stats: policy=random()
stats: decisions=14434946
