Arguments: ./ctp3 -d 0 -f -a 0 -h 0 -t 20 AAAI-graphs/test06_50_T.graph random uct 800 25 5
info: #nodes=50, #edges=139, degree=9
seed=0
init: #nodes=50, #edges=139, #words-for-nodes=2, #words-for-edges=5
#trials=20: 0Action-(-1,K={},B={},V={})0
Action-(0,K={0,1,2,3,4,5,},B={5,},V={0,})1
Action-(1,K={0,1,2,3,4,5,6,7,},B={5,},V={0,1,})2
Action-(2,K={0,1,2,3,4,5,6,7,8,9,10,},B={5,8,9,},V={0,1,2,})4
Action-(4,K={0,1,2,3,4,5,6,7,8,9,10,15,16,17,18,},B={5,8,9,16,},V={0,1,2,4,})10
Action-(10,K={0,1,2,3,4,5,6,7,8,9,10,15,16,17,18,27,35,36,},B={5,8,9,16,},V={0,1,2,4,10,})24
Action-(24,K={0,1,2,3,4,5,6,7,8,9,10,15,16,17,18,27,35,36,39,63,81,82,83,},B={5,8,9,16,63,82,83,},V={0,1,2,4,10,24,})29
Action-(29,K={0,1,2,3,4,5,6,7,8,9,10,15,16,17,18,27,35,36,39,63,81,82,83,95,96,},B={5,8,9,16,63,82,83,95,96,},V={0,1,2,4,10,24,29,})11
Action-(11,K={0,1,2,3,4,5,6,7,8,9,10,15,16,17,18,27,28,35,36,37,38,39,63,81,82,83,95,96,},B={5,8,9,16,37,38,63,82,83,95,96,},V={0,1,2,4,10,11,24,29,})8
Action-(8,K={0,1,2,3,4,5,6,7,8,9,10,15,16,17,18,23,24,27,28,29,35,36,37,38,39,63,81,82,83,95,96,},B={5,8,9,16,23,24,29,37,38,63,82,83,95,96,},V={0,1,2,4,8,10,11,24,29,})5
Action-(5,K={0,1,2,3,4,5,6,7,8,9,10,11,15,16,17,18,19,20,21,23,24,27,28,29,35,36,37,38,39,63,81,82,83,95,96,},B={5,8,9,11,16,23,24,29,37,38,63,82,83,95,96,},V={0,1,2,4,5,8,10,11,24,29,})6
Action-(6,K={0,1,2,3,4,5,6,7,8,9,10,11,15,16,17,18,19,20,21,22,23,24,27,28,29,35,36,37,38,39,63,81,82,83,95,96,},B={5,8,9,11,16,22,23,24,29,37,38,63,82,83,95,96,},V={0,1,2,4,5,6,8,10,11,24,29,})7
Action-(7,K={0,1,2,3,4,5,6,7,8,9,10,11,15,16,17,18,19,20,21,22,23,24,25,26,27,28,29,35,36,37,38,39,63,81,82,83,95,96,},B={5,8,9,11,16,22,23,24,26,29,37,38,63,82,83,95,96,},V={0,1,2,4,5,6,7,8,10,11,24,29,})3
Action-(3,K={0,1,2,3,4,5,6,7,8,9,10,11,12,13,14,15,16,17,18,19,20,21,22,23,24,25,26,27,28,29,35,36,37,38,39,63,81,82,83,95,96,},B={5,8,9,11,12,16,22,23,24,26,29,37,38,63,82,83,95,96,},V={0,1,2,3,4,5,6,7,8,10,11,24,29,})12
Action-(12,K={0,1,2,3,4,5,6,7,8,9,10,11,12,13,14,15,16,17,18,19,20,21,22,23,24,25,26,27,28,29,30,35,36,37,38,39,40,41,42,63,81,82,83,95,96,},B={5,8,9,11,12,16,22,23,24,26,29,30,37,38,40,42,63,82,83,95,96,},V={0,1,2,3,4,5,6,7,8,10,11,12,24,29,})18
Action-(18,K={0,1,2,3,4,5,6,7,8,9,10,11,12,13,14,15,16,17,18,19,20,21,22,23,24,25,26,27,28,29,30,35,36,37,38,39,40,41,42,60,61,62,63,81,82,83,95,96,},B={5,8,9,11,12,16,22,23,24,26,29,30,37,38,40,42,61,63,82,83,95,96,},V={0,1,2,3,4,5,6,7,8,10,11,12,18,24,29,})39
Action-(39,K={0,1,2,3,4,5,6,7,8,9,10,11,12,13,14,15,16,17,18,19,20,21,22,23,24,25,26,27,28,29,30,35,36,37,38,39,40,41,42,60,61,62,63,76,81,82,83,95,96,109,120,},B={5,8,9,11,12,16,22,23,24,26,29,30,37,38,40,42,61,63,76,82,83,95,96,109,120,},V={0,1,2,3,4,5,6,7,8,10,11,12,18,24,29,39,})21
Action-(21,K={0,1,2,3,4,5,6,7,8,9,10,11,12,13,14,15,16,17,18,19,20,21,22,23,24,25,26,27,28,29,30,35,36,37,38,39,40,41,42,52,60,61,62,63,72,73,74,76,81,82,83,95,96,109,120,},B={5,8,9,11,12,16,22,23,24,26,29,30,37,38,40,42,52,61,63,73,74,76,82,83,95,96,109,120,},V={0,1,2,3,4,5,6,7,8,10,11,12,18,21,24,29,39,})22
Action-(22,K={0,1,2,3,4,5,6,7,8,9,10,11,12,13,14,15,16,17,18,19,20,21,22,23,24,25,26,27,28,29,30,35,36,37,38,39,40,41,42,52,60,61,62,63,72,73,74,75,76,81,82,83,95,96,109,120,},B={5,8,9,11,12,16,22,23,24,26,29,30,37,38,40,42,52,61,63,73,74,75,76,82,83,95,96,109,120,},V={0,1,2,3,4,5,6,7,8,10,11,12,18,21,22,24,29,39,})9
Action-(9,K={0,1,2,3,4,5,6,7,8,9,10,11,12,13,14,15,16,17,18,19,20,21,22,23,24,25,26,27,28,29,30,31,32,33,34,35,36,37,38,39,40,41,42,52,60,61,62,63,72,73,74,75,76,81,82,83,95,96,109,120,},B={5,8,9,11,12,16,22,23,24,26,29,30,32,37,38,40,42,52,61,63,73,74,75,76,82,83,95,96,109,120,},V={0,1,2,3,4,5,6,7,8,9,10,11,12,18,21,22,24,29,39,})15
Action-(15,K={0,1,2,3,4,5,6,7,8,9,10,11,12,13,14,15,16,17,18,19,20,21,22,23,24,25,26,27,28,29,30,31,32,33,34,35,36,37,38,39,40,41,42,46,48,49,50,52,60,61,62,63,72,73,74,75,76,81,82,83,95,96,109,120,},B={5,8,9,11,12,16,22,23,24,26,29,30,32,37,38,40,42,48,49,52,61,63,73,74,75,76,82,83,95,96,109,120,},V={0,1,2,3,4,5,6,7,8,9,10,11,12,15,18,21,22,24,29,39,})13
Action-(13,K={0,1,2,3,4,5,6,7,8,9,10,11,12,13,14,15,16,17,18,19,20,21,22,23,24,25,26,27,28,29,30,31,32,33,34,35,36,37,38,39,40,41,42,43,44,45,46,48,49,50,52,60,61,62,63,72,73,74,75,76,81,82,83,95,96,109,120,},B={5,8,9,11,12,16,22,23,24,26,29,30,32,37,38,40,42,45,48,49,52,61,63,73,74,75,76,82,83,95,96,109,120,},V={0,1,2,3,4,5,6,7,8,9,10,11,12,13,15,18,21,22,24,29,39,})20
Action-(20,K={0,1,2,3,4,5,6,7,8,9,10,11,12,13,14,15,16,17,18,19,20,21,22,23,24,25,26,27,28,29,30,31,32,33,34,35,36,37,38,39,40,41,42,43,44,45,46,48,49,50,51,52,57,60,61,62,63,66,67,68,69,70,71,72,73,74,75,76,81,82,83,95,96,109,120,},B={5,8,9,11,12,16,22,23,24,26,29,30,32,37,38,40,42,45,48,49,51,52,57,61,63,66,70,73,74,75,76,82,83,95,96,109,120,},V={0,1,2,3,4,5,6,7,8,9,10,11,12,13,15,18,20,21,22,24,29,39,})37
Action-(37,K={0,1,2,3,4,5,6,7,8,9,10,11,12,13,14,15,16,17,18,19,20,21,22,23,24,25,26,27,28,29,30,31,32,33,34,35,36,37,38,39,40,41,42,43,44,45,46,48,49,50,51,52,57,60,61,62,63,66,67,68,69,70,71,72,73,74,75,76,81,82,83,95,96,107,109,114,115,116,117,120,},B={5,8,9,11,12,16,22,23,24,26,29,30,32,37,38,40,42,45,48,49,51,52,57,61,63,66,70,73,74,75,76,82,83,95,96,107,109,115,116,117,120,},V={0,1,2,3,4,5,6,7,8,9,10,11,12,13,15,18,20,21,22,24,29,37,39,})34
Action-(34,K={0,1,2,3,4,5,6,7,8,9,10,11,12,13,14,15,16,17,18,19,20,21,22,23,24,25,26,27,28,29,30,31,32,33,34,35,36,37,38,39,40,41,42,43,44,45,46,48,49,50,51,52,57,60,61,62,63,66,67,68,69,70,71,72,73,74,75,76,81,82,83,87,95,96,107,108,109,114,115,116,117,120,},B={5,8,9,11,12,16,22,23,24,26,29,30,32,37,38,40,42,45,48,49,51,52,57,61,63,66,70,73,74,75,76,82,83,95,96,107,108,109,115,116,117,120,},V={0,1,2,3,4,5,6,7,8,9,10,11,12,13,15,18,20,21,22,24,29,34,37,39,})41
Action-(41,K={0,1,2,3,4,5,6,7,8,9,10,11,12,13,14,15,16,17,18,19,20,21,22,23,24,25,26,27,28,29,30,31,32,33,34,35,36,37,38,39,40,41,42,43,44,45,46,48,49,50,51,52,57,59,60,61,62,63,66,67,68,69,70,71,72,73,74,75,76,81,82,83,87,91,95,96,107,108,109,111,114,115,116,117,120,121,123,124,125,},B={5,8,9,11,12,16,22,23,24,26,29,30,32,37,38,40,42,45,48,49,51,52,57,59,61,63,66,70,73,74,75,76,82,83,95,96,107,108,109,115,116,117,120,121,123,124,},V={0,1,2,3,4,5,6,7,8,9,10,11,12,13,15,18,20,21,22,24,29,34,37,39,41,})48
Action-(48,K={0,1,2,3,4,5,6,7,8,9,10,11,12,13,14,15,16,17,18,19,20,21,22,23,24,25,26,27,28,29,30,31,32,33,34,35,36,37,38,39,40,41,42,43,44,45,46,48,49,50,51,52,57,59,60,61,62,63,66,67,68,69,70,71,72,73,74,75,76,81,82,83,87,91,95,96,104,107,108,109,111,113,114,115,116,117,118,120,121,123,124,125,127,129,138,},B={5,8,9,11,12,16,22,23,24,26,29,30,32,37,38,40,42,45,48,49,51,52,57,59,61,63,66,70,73,74,75,76,82,83,95,96,107,108,109,115,116,117,120,121,123,124,138,},V={0,1,2,3,4,5,6,7,8,9,10,11,12,13,15,18,20,21,22,24,29,34,37,39,41,48,})38
Action-(38,K={0,1,2,3,4,5,6,7,8,9,10,11,12,13,14,15,16,17,18,19,20,21,22,23,24,25,26,27,28,29,30,31,32,33,34,35,36,37,38,39,40,41,42,43,44,45,46,48,49,50,51,52,57,59,60,61,62,63,66,67,68,69,70,71,72,73,74,75,76,81,82,83,87,91,95,96,103,104,107,108,109,111,113,114,115,116,117,118,119,120,121,123,124,125,127,129,138,},B={5,8,9,11,12,16,22,23,24,26,29,30,32,37,38,40,42,45,48,49,51,52,57,59,61,63,66,70,73,74,75,76,82,83,95,96,103,107,108,109,115,116,117,120,121,123,124,138,},V={0,1,2,3,4,5,6,7,8,9,10,11,12,13,15,18,20,21,22,24,29,34,37,38,39,41,48,})49
(1215.0) 1Action-(-1,K={},B={},V={})0
Action-(0,K={0,1,2,3,4,5,},B={3,5,},V={0,})2
Action-(2,K={0,1,2,3,4,5,6,8,9,10,},B={3,5,9,10,},V={0,2,})1
Action-(1,K={0,1,2,3,4,5,6,7,8,9,10,},B={3,5,9,10,},V={0,1,2,})10
Action-(10,K={0,1,2,3,4,5,6,7,8,9,10,18,27,35,36,},B={3,5,9,10,},V={0,1,2,10,})24
Action-(24,K={0,1,2,3,4,5,6,7,8,9,10,18,27,35,36,39,63,81,82,83,},B={3,5,9,10,82,83,},V={0,1,2,10,24,})29
Action-(29,K={0,1,2,3,4,5,6,7,8,9,10,18,27,35,36,39,63,81,82,83,95,96,},B={3,5,9,10,82,83,95,96,},V={0,1,2,10,24,29,})19
Action-(19,K={0,1,2,3,4,5,6,7,8,9,10,18,27,35,36,38,39,45,56,63,64,65,81,82,83,95,96,},B={3,5,9,10,38,45,56,65,82,83,95,96,},V={0,1,2,10,19,24,29,})11
Action-(11,K={0,1,2,3,4,5,6,7,8,9,10,18,27,28,35,36,37,38,39,45,56,63,64,65,81,82,83,95,96,},B={3,5,9,10,37,38,45,56,65,82,83,95,96,},V={0,1,2,10,11,19,24,29,})8
Action-(8,K={0,1,2,3,4,5,6,7,8,9,10,17,18,23,24,27,28,29,35,36,37,38,39,45,56,63,64,65,81,82,83,95,96,},B={3,5,9,10,17,23,37,38,45,56,65,82,83,95,96,},V={0,1,2,8,10,11,19,24,29,})4
Action-(4,K={0,1,2,3,4,5,6,7,8,9,10,15,16,17,18,23,24,27,28,29,35,36,37,38,39,45,56,63,64,65,81,82,83,95,96,},B={3,5,9,10,17,23,37,38,45,56,65,82,83,95,96,},V={0,1,2,4,8,10,11,19,24,29,})5
Action-(5,K={0,1,2,3,4,5,6,7,8,9,10,11,15,16,17,18,19,20,21,23,24,27,28,29,35,36,37,38,39,45,56,63,64,65,81,82,83,95,96,},B={3,5,9,10,11,17,21,23,37,38,45,56,65,82,83,95,96,},V={0,1,2,4,5,8,10,11,19,24,29,})6
Action-(6,K={0,1,2,3,4,5,6,7,8,9,10,11,15,16,17,18,19,20,21,22,23,24,27,28,29,35,36,37,38,39,45,56,63,64,65,81,82,83,95,96,},B={3,5,9,10,11,17,21,22,23,37,38,45,56,65,82,83,95,96,},V={0,1,2,4,5,6,8,10,11,19,24,29,})27
Action-(27,K={0,1,2,3,4,5,6,7,8,9,10,11,15,16,17,18,19,20,21,22,23,24,27,28,29,35,36,37,38,39,45,56,58,63,64,65,81,82,83,89,90,91,95,96,},B={3,5,9,10,11,17,21,22,23,37,38,45,56,58,65,82,83,90,91,95,96,},V={0,1,2,4,5,6,8,10,11,19,24,27,29,})32
Action-(32,K={0,1,2,3,4,5,6,7,8,9,10,11,15,16,17,18,19,20,21,22,23,24,27,28,29,35,36,37,38,39,45,56,58,63,64,65,81,82,83,89,90,91,95,96,102,103,104,},B={3,5,9,10,11,17,21,22,23,37,38,45,56,58,65,82,83,90,91,95,96,102,103,104,},V={0,1,2,4,5,6,8,10,11,19,24,27,29,32,})13
Action-(13,K={0,1,2,3,4,5,6,7,8,9,10,11,15,16,17,18,19,20,21,22,23,24,26,27,28,29,31,35,36,37,38,39,43,44,45,56,58,63,64,65,81,82,83,89,90,91,95,96,102,103,104,},B={3,5,9,10,11,17,21,22,23,37,38,45,56,58,65,82,83,90,91,95,96,102,103,104,},V={0,1,2,4,5,6,8,10,11,13,19,24,27,29,32,})14
Action-(14,K={0,1,2,3,4,5,6,7,8,9,10,11,15,16,17,18,19,20,21,22,23,24,26,27,28,29,31,32,35,36,37,38,39,43,44,45,46,47,56,58,63,64,65,81,82,83,89,90,91,95,96,102,103,104,},B={3,5,9,10,11,17,21,22,23,37,38,45,56,58,65,82,83,90,91,95,96,102,103,104,},V={0,1,2,4,5,6,8,10,11,13,14,19,24,27,29,32,})17
Action-(17,K={0,1,2,3,4,5,6,7,8,9,10,11,15,16,17,18,19,20,21,22,23,24,26,27,28,29,31,32,35,36,37,38,39,43,44,45,46,47,49,56,57,58,59,63,64,65,81,82,83,89,90,91,95,96,102,103,104,},B={3,5,9,10,11,17,21,22,23,37,38,45,49,56,57,58,59,65,82,83,90,91,95,96,102,103,104,},V={0,1,2,4,5,6,8,10,11,13,14,17,19,24,27,29,32,})15
Action-(15,K={0,1,2,3,4,5,6,7,8,9,10,11,15,16,17,18,19,20,21,22,23,24,26,27,28,29,31,32,33,35,36,37,38,39,43,44,45,46,47,48,49,50,56,57,58,59,63,64,65,81,82,83,89,90,91,95,96,102,103,104,},B={3,5,9,10,11,17,21,22,23,37,38,45,49,50,56,57,58,59,65,82,83,90,91,95,96,102,103,104,},V={0,1,2,4,5,6,8,10,11,13,14,15,17,19,24,27,29,32,})9
Action-(9,K={0,1,2,3,4,5,6,7,8,9,10,11,12,15,16,17,18,19,20,21,22,23,24,25,26,27,28,29,30,31,32,33,34,35,36,37,38,39,43,44,45,46,47,48,49,50,56,57,58,59,63,64,65,81,82,83,89,90,91,95,96,102,103,104,},B={3,5,9,10,11,12,17,21,22,23,30,37,38,45,49,50,56,57,58,59,65,82,83,90,91,95,96,102,103,104,},V={0,1,2,4,5,6,8,9,10,11,13,14,15,17,19,24,27,29,32,})7
Action-(7,K={0,1,2,3,4,5,6,7,8,9,10,11,12,15,16,17,18,19,20,21,22,23,24,25,26,27,28,29,30,31,32,33,34,35,36,37,38,39,43,44,45,46,47,48,49,50,56,57,58,59,63,64,65,81,82,83,89,90,91,95,96,102,103,104,},B={3,5,9,10,11,12,17,21,22,23,30,37,38,45,49,50,56,57,58,59,65,82,83,90,91,95,96,102,103,104,},V={0,1,2,4,5,6,7,8,9,10,11,13,14,15,17,19,24,27,29,32,})3
Action-(3,K={0,1,2,3,4,5,6,7,8,9,10,11,12,13,14,15,16,17,18,19,20,21,22,23,24,25,26,27,28,29,30,31,32,33,34,35,36,37,38,39,43,44,45,46,47,48,49,50,56,57,58,59,63,64,65,81,82,83,89,90,91,95,96,102,103,104,},B={3,5,9,10,11,12,14,17,21,22,23,30,37,38,45,49,50,56,57,58,59,65,82,83,90,91,95,96,102,103,104,},V={0,1,2,3,4,5,6,7,8,9,10,11,13,14,15,17,19,24,27,29,32,})12
Action-(12,K={0,1,2,3,4,5,6,7,8,9,10,11,12,13,14,15,16,17,18,19,20,21,22,23,24,25,26,27,28,29,30,31,32,33,34,35,36,37,38,39,40,41,42,43,44,45,46,47,48,49,50,56,57,58,59,63,64,65,81,82,83,89,90,91,95,96,102,103,104,},B={3,5,9,10,11,12,14,17,21,22,23,30,37,38,40,41,42,45,49,50,56,57,58,59,65,82,83,90,91,95,96,102,103,104,},V={0,1,2,3,4,5,6,7,8,9,10,11,12,13,14,15,17,19,24,27,29,32,})16
Action-(16,K={0,1,2,3,4,5,6,7,8,9,10,11,12,13,14,15,16,17,18,19,20,21,22,23,24,25,26,27,28,29,30,31,32,33,34,35,36,37,38,39,40,41,42,43,44,45,46,47,48,49,50,51,52,53,54,55,56,57,58,59,63,64,65,81,82,83,89,90,91,95,96,102,103,104,},B={3,5,9,10,11,12,14,17,21,22,23,30,37,38,40,41,42,45,49,50,51,52,56,57,58,59,65,82,83,90,91,95,96,102,103,104,},V={0,1,2,3,4,5,6,7,8,9,10,11,12,13,14,15,16,17,19,24,27,29,32,})31
Action-(31,K={0,1,2,3,4,5,6,7,8,9,10,11,12,13,14,15,16,17,18,19,20,21,22,23,24,25,26,27,28,29,30,31,32,33,34,35,36,37,38,39,40,41,42,43,44,45,46,47,48,49,50,51,52,53,54,55,56,57,58,59,63,64,65,80,81,82,83,89,90,91,92,95,96,97,101,102,103,104,},B={3,5,9,10,11,12,14,17,21,22,23,30,37,38,40,41,42,45,49,50,51,52,56,57,58,59,65,80,82,83,90,91,92,95,96,101,102,103,104,},V={0,1,2,3,4,5,6,7,8,9,10,11,12,13,14,15,16,17,19,24,27,29,31,32,})30
Action-(30,K={0,1,2,3,4,5,6,7,8,9,10,11,12,13,14,15,16,17,18,19,20,21,22,23,24,25,26,27,28,29,30,31,32,33,34,35,36,37,38,39,40,41,42,43,44,45,46,47,48,49,50,51,52,53,54,55,56,57,58,59,63,64,65,79,80,81,82,83,85,89,90,91,92,95,96,97,98,99,100,101,102,103,104,},B={3,5,9,10,11,12,14,17,21,22,23,30,37,38,40,41,42,45,49,50,51,52,56,57,58,59,65,79,80,82,83,90,91,92,95,96,101,102,103,104,},V={0,1,2,3,4,5,6,7,8,9,10,11,12,13,14,15,16,17,19,24,27,29,30,31,32,})46
Action-(46,K={0,1,2,3,4,5,6,7,8,9,10,11,12,13,14,15,16,17,18,19,20,21,22,23,24,25,26,27,28,29,30,31,32,33,34,35,36,37,38,39,40,41,42,43,44,45,46,47,48,49,50,51,52,53,54,55,56,57,58,59,63,64,65,79,80,81,82,83,85,89,90,91,92,95,96,97,98,99,100,101,102,103,104,106,110,120,131,135,136,},B={3,5,9,10,11,12,14,17,21,22,23,30,37,38,40,41,42,45,49,50,51,52,56,57,58,59,65,79,80,82,83,90,91,92,95,96,101,102,103,104,120,},V={0,1,2,3,4,5,6,7,8,9,10,11,12,13,14,15,16,17,19,24,27,29,30,31,32,46,})49
(1146.5) 2Action-(-1,K={},B={},V={})0
Action-(0,K={0,1,2,3,4,5,},B={5,},V={0,})10
Action-(10,K={0,1,2,3,4,5,18,27,35,36,},B={5,27,35,},V={0,10,})24
Action-(24,K={0,1,2,3,4,5,18,27,35,36,39,63,81,82,83,},B={5,27,35,39,63,82,83,},V={0,10,24,})29
Action-(29,K={0,1,2,3,4,5,18,27,35,36,39,63,81,82,83,95,96,},B={5,27,35,39,63,82,83,96,},V={0,10,24,29,})1
Action-(1,K={0,1,2,3,4,5,6,7,18,27,35,36,39,63,81,82,83,95,96,},B={5,27,35,39,63,82,83,96,},V={0,1,10,24,29,})4
Action-(4,K={0,1,2,3,4,5,6,7,9,15,16,17,18,27,35,36,39,63,81,82,83,95,96,},B={5,9,15,16,27,35,39,63,82,83,96,},V={0,1,4,10,24,29,})32
Action-(32,K={0,1,2,3,4,5,6,7,9,15,16,17,18,27,35,36,39,63,65,81,82,83,89,95,96,102,103,104,},B={5,9,15,16,27,35,39,63,65,82,83,89,96,102,103,},V={0,1,4,10,24,29,32,})48
Action-(48,K={0,1,2,3,4,5,6,7,9,15,16,17,18,27,35,36,39,63,65,81,82,83,89,95,96,102,103,104,113,118,125,127,129,138,},B={5,9,15,16,27,35,39,63,65,82,83,89,96,102,103,113,129,138,},V={0,1,4,10,24,29,32,48,})38
Action-(38,K={0,1,2,3,4,5,6,7,9,15,16,17,18,27,35,36,39,63,65,81,82,83,89,95,96,102,103,104,113,118,119,125,127,129,138,},B={5,9,15,16,27,35,39,63,65,82,83,89,96,102,103,113,119,129,138,},V={0,1,4,10,24,29,32,38,48,})42
Action-(42,K={0,1,2,3,4,5,6,7,9,15,16,17,18,27,35,36,39,63,65,81,82,83,89,95,96,102,103,104,113,115,118,119,122,123,125,126,127,128,129,138,},B={5,9,15,16,27,35,39,63,65,82,83,89,96,102,103,113,115,119,123,128,129,138,},V={0,1,4,10,24,29,32,38,42,48,})45
Action-(45,K={0,1,2,3,4,5,6,7,9,15,16,17,18,27,35,36,39,63,65,81,82,83,89,95,96,102,103,104,113,115,117,118,119,122,123,125,126,127,128,129,130,133,134,138,},B={5,9,15,16,27,35,39,63,65,82,83,89,96,102,103,113,115,117,119,123,128,129,134,138,},V={0,1,4,10,24,29,32,38,42,45,48,})47
Action-(47,K={0,1,2,3,4,5,6,7,9,15,16,17,18,27,35,36,39,63,65,81,82,83,89,95,96,102,103,104,113,115,117,118,119,122,123,125,126,127,128,129,130,132,133,134,135,137,138,},B={5,9,15,16,27,35,39,63,65,82,83,89,96,102,103,113,115,117,119,123,128,129,134,137,138,},V={0,1,4,10,24,29,32,38,42,45,47,48,})46
Action-(46,K={0,1,2,3,4,5,6,7,9,15,16,17,18,27,35,36,39,63,65,81,82,83,89,95,96,100,102,103,104,106,110,113,115,117,118,119,120,122,123,125,126,127,128,129,130,131,132,133,134,135,136,137,138,},B={5,9,15,16,27,35,39,63,65,82,83,89,96,102,103,113,115,117,119,120,123,128,129,134,137,138,},V={0,1,4,10,24,29,32,38,42,45,46,47,48,})49
(936.0) 3Action-(-1,K={},B={},V={})0
Action-(0,K={0,1,2,3,4,5,},B={0,1,4,5,},V={0,})4
Action-(4,K={0,1,2,3,4,5,7,9,15,16,17,18,},B={0,1,4,5,7,9,},V={0,4,})10
Action-(10,K={0,1,2,3,4,5,7,9,15,16,17,18,27,35,36,},B={0,1,4,5,7,9,},V={0,4,10,})24
Action-(24,K={0,1,2,3,4,5,7,9,15,16,17,18,27,35,36,39,63,81,82,83,},B={0,1,4,5,7,9,82,83,},V={0,4,10,24,})29
Action-(29,K={0,1,2,3,4,5,7,9,15,16,17,18,27,35,36,39,63,81,82,83,95,96,},B={0,1,4,5,7,9,82,83,96,},V={0,4,10,24,29,})32
Action-(32,K={0,1,2,3,4,5,7,9,15,16,17,18,27,35,36,39,63,65,81,82,83,89,95,96,102,103,104,},B={0,1,4,5,7,9,65,82,83,89,96,102,103,},V={0,4,10,24,29,32,})48
Action-(48,K={0,1,2,3,4,5,7,9,15,16,17,18,27,35,36,39,63,65,81,82,83,89,95,96,102,103,104,113,118,125,127,129,138,},B={0,1,4,5,7,9,65,82,83,89,96,102,103,118,138,},V={0,4,10,24,29,32,48,})42
Action-(42,K={0,1,2,3,4,5,7,9,15,16,17,18,27,35,36,39,63,65,81,82,83,89,95,96,102,103,104,113,115,118,122,123,125,126,127,128,129,138,},B={0,1,4,5,7,9,65,82,83,89,96,102,103,115,118,122,123,128,138,},V={0,4,10,24,29,32,42,48,})45
Action-(45,K={0,1,2,3,4,5,7,9,15,16,17,18,27,35,36,39,63,65,81,82,83,89,95,96,102,103,104,113,115,117,118,122,123,125,126,127,128,129,130,133,134,138,},B={0,1,4,5,7,9,65,82,83,89,96,102,103,115,117,118,122,123,128,130,133,138,},V={0,4,10,24,29,32,42,45,48,})49
(757.2) 4Action-(-1,K={},B={},V={})0
Action-(0,K={0,1,2,3,4,5,},B={4,5,},V={0,})1
Action-(1,K={0,1,2,3,4,5,6,7,},B={4,5,7,},V={0,1,})4
Action-(4,K={0,1,2,3,4,5,6,7,9,15,16,17,18,},B={4,5,7,9,16,18,},V={0,1,4,})2
Action-(2,K={0,1,2,3,4,5,6,7,8,9,10,15,16,17,18,},B={4,5,7,8,9,10,16,18,},V={0,1,2,4,})8
Action-(8,K={0,1,2,3,4,5,6,7,8,9,10,15,16,17,18,23,24,27,28,29,},B={4,5,7,8,9,10,16,18,27,28,},V={0,1,2,4,8,})6
Action-(6,K={0,1,2,3,4,5,6,7,8,9,10,15,16,17,18,19,22,23,24,27,28,29,},B={4,5,7,8,9,10,16,18,27,28,},V={0,1,2,4,6,8,})5
Action-(5,K={0,1,2,3,4,5,6,7,8,9,10,11,15,16,17,18,19,20,21,22,23,24,27,28,29,},B={4,5,7,8,9,10,11,16,18,20,27,28,},V={0,1,2,4,5,6,8,})7
Action-(7,K={0,1,2,3,4,5,6,7,8,9,10,11,15,16,17,18,19,20,21,22,23,24,25,26,27,28,29,},B={4,5,7,8,9,10,11,16,18,20,26,27,28,},V={0,1,2,4,5,6,7,8,})9
Action-(9,K={0,1,2,3,4,5,6,7,8,9,10,11,12,15,16,17,18,19,20,21,22,23,24,25,26,27,28,29,30,31,32,33,34,},B={4,5,7,8,9,10,11,12,16,18,20,26,27,28,32,34,},V={0,1,2,4,5,6,7,8,9,})12
Action-(12,K={0,1,2,3,4,5,6,7,8,9,10,11,12,13,15,16,17,18,19,20,21,22,23,24,25,26,27,28,29,30,31,32,33,34,40,41,42,},B={4,5,7,8,9,10,11,12,16,18,20,26,27,28,32,34,41,42,},V={0,1,2,4,5,6,7,8,9,12,})16
Action-(16,K={0,1,2,3,4,5,6,7,8,9,10,11,12,13,15,16,17,18,19,20,21,22,23,24,25,26,27,28,29,30,31,32,33,34,40,41,42,48,51,52,53,54,55,},B={4,5,7,8,9,10,11,12,16,18,20,26,27,28,32,34,41,42,51,52,},V={0,1,2,4,5,6,7,8,9,12,16,})31
Action-(31,K={0,1,2,3,4,5,6,7,8,9,10,11,12,13,15,16,17,18,19,20,21,22,23,24,25,26,27,28,29,30,31,32,33,34,40,41,42,48,51,52,53,54,55,80,92,97,101,},B={4,5,7,8,9,10,11,12,16,18,20,26,27,28,32,34,41,42,51,52,80,92,101,},V={0,1,2,4,5,6,7,8,9,12,16,31,})30
Action-(30,K={0,1,2,3,4,5,6,7,8,9,10,11,12,13,15,16,17,18,19,20,21,22,23,24,25,26,27,28,29,30,31,32,33,34,40,41,42,48,51,52,53,54,55,79,80,85,92,97,98,99,100,101,},B={4,5,7,8,9,10,11,12,16,18,20,26,27,28,32,34,41,42,51,52,79,80,92,99,100,101,},V={0,1,2,4,5,6,7,8,9,12,16,30,31,})33
Action-(33,K={0,1,2,3,4,5,6,7,8,9,10,11,12,13,15,16,17,18,19,20,21,22,23,24,25,26,27,28,29,30,31,32,33,34,40,41,42,48,51,52,53,54,55,79,80,85,92,93,97,98,99,100,101,105,106,},B={4,5,7,8,9,10,11,12,16,18,20,26,27,28,32,34,41,42,51,52,79,80,92,99,100,101,105,106,},V={0,1,2,4,5,6,7,8,9,12,16,30,31,33,})28
Action-(28,K={0,1,2,3,4,5,6,7,8,9,10,11,12,13,15,16,17,18,19,20,21,22,23,24,25,26,27,28,29,30,31,32,33,34,40,41,42,48,51,52,53,54,55,73,79,80,85,92,93,94,97,98,99,100,101,105,106,},B={4,5,7,8,9,10,11,12,16,18,20,26,27,28,32,34,41,42,51,52,79,80,92,94,99,100,101,105,106,},V={0,1,2,4,5,6,7,8,9,12,16,28,30,31,33,})23
Action-(23,K={0,1,2,3,4,5,6,7,8,9,10,11,12,13,15,16,17,18,19,20,21,22,23,24,25,26,27,28,29,30,31,32,33,34,40,41,42,48,51,52,53,54,55,66,73,77,78,79,80,85,92,93,94,97,98,99,100,101,105,106,},B={4,5,7,8,9,10,11,12,16,18,20,26,27,28,32,34,41,42,51,52,66,78,79,80,92,94,99,100,101,105,106,},V={0,1,2,4,5,6,7,8,9,12,16,23,28,30,31,33,})25
Action-(25,K={0,1,2,3,4,5,6,7,8,9,10,11,12,13,15,16,17,18,19,20,21,22,23,24,25,26,27,28,29,30,31,32,33,34,40,41,42,48,51,52,53,54,55,66,73,77,78,79,80,84,85,86,92,93,94,97,98,99,100,101,105,106,},B={4,5,7,8,9,10,11,12,16,18,20,26,27,28,32,34,41,42,51,52,66,78,79,80,92,94,99,100,101,105,106,},V={0,1,2,4,5,6,7,8,9,12,16,23,25,28,30,31,33,})44
Action-(44,K={0,1,2,3,4,5,6,7,8,9,10,11,12,13,15,16,17,18,19,20,21,22,23,24,25,26,27,28,29,30,31,32,33,34,40,41,42,48,51,52,53,54,55,66,73,77,78,79,80,84,85,86,88,92,93,94,97,98,99,100,101,105,106,108,116,130,131,132,},B={4,5,7,8,9,10,11,12,16,18,20,26,27,28,32,34,41,42,51,52,66,78,79,80,88,92,94,99,100,101,105,106,108,116,130,},V={0,1,2,4,5,6,7,8,9,12,16,23,25,28,30,31,33,44,})46
Action-(46,K={0,1,2,3,4,5,6,7,8,9,10,11,12,13,15,16,17,18,19,20,21,22,23,24,25,26,27,28,29,30,31,32,33,34,40,41,42,48,51,52,53,54,55,66,73,77,78,79,80,84,85,86,88,92,93,94,97,98,99,100,101,105,106,108,110,116,120,130,131,132,135,136,},B={4,5,7,8,9,10,11,12,16,18,20,26,27,28,32,34,41,42,51,52,66,78,79,80,88,92,94,99,100,101,105,106,108,110,116,120,130,},V={0,1,2,4,5,6,7,8,9,12,16,23,25,28,30,31,33,44,46,})49
(707.4) 5Action-(-1,K={},B={},V={})0
Action-(0,K={0,1,2,3,4,5,},B={3,5,},V={0,})10
Action-(10,K={0,1,2,3,4,5,18,27,35,36,},B={3,5,18,27,},V={0,10,})24
Action-(24,K={0,1,2,3,4,5,18,27,35,36,39,63,81,82,83,},B={3,5,18,27,82,83,},V={0,10,24,})29
Action-(29,K={0,1,2,3,4,5,18,27,35,36,39,63,81,82,83,95,96,},B={3,5,18,27,82,83,95,},V={0,10,24,29,})38
Action-(38,K={0,1,2,3,4,5,18,27,35,36,39,63,81,82,83,95,96,103,118,119,},B={3,5,18,27,82,83,95,},V={0,10,24,29,38,})49
(607.2) 6Action-(-1,K={},B={},V={})0
Action-(0,K={0,1,2,3,4,5,},B={0,5,},V={0,})10
Action-(10,K={0,1,2,3,4,5,18,27,35,36,},B={0,5,},V={0,10,})4
Action-(4,K={0,1,2,3,4,5,7,9,15,16,17,18,27,35,36,},B={0,5,9,16,},V={0,4,10,})1
Action-(1,K={0,1,2,3,4,5,6,7,9,15,16,17,18,27,35,36,},B={0,5,9,16,},V={0,1,4,10,})2
Action-(2,K={0,1,2,3,4,5,6,7,8,9,10,15,16,17,18,27,35,36,},B={0,5,9,16,},V={0,1,2,4,10,})24
Action-(24,K={0,1,2,3,4,5,6,7,8,9,10,15,16,17,18,27,35,36,39,63,81,82,83,},B={0,5,9,16,82,},V={0,1,2,4,10,24,})38
Action-(38,K={0,1,2,3,4,5,6,7,8,9,10,15,16,17,18,27,35,36,39,63,81,82,83,96,103,118,119,},B={0,5,9,16,82,103,},V={0,1,2,4,10,24,38,})49
(551.1) 7Action-(-1,K={},B={},V={})0
Action-(0,K={0,1,2,3,4,5,},B={0,1,3,5,},V={0,})10
Action-(10,K={0,1,2,3,4,5,18,27,35,36,},B={0,1,3,5,36,},V={0,10,})11
Action-(11,K={0,1,2,3,4,5,18,27,28,35,36,37,38,39,},B={0,1,3,5,36,37,38,39,},V={0,10,11,})4
Action-(4,K={0,1,2,3,4,5,7,9,15,16,17,18,27,28,35,36,37,38,39,},B={0,1,3,5,9,16,17,36,37,38,39,},V={0,4,10,11,})1
Action-(1,K={0,1,2,3,4,5,6,7,9,15,16,17,18,27,28,35,36,37,38,39,},B={0,1,3,5,9,16,17,36,37,38,39,},V={0,1,4,10,11,})2
Action-(2,K={0,1,2,3,4,5,6,7,8,9,10,15,16,17,18,27,28,35,36,37,38,39,},B={0,1,3,5,8,9,16,17,36,37,38,39,},V={0,1,2,4,10,11,})5
Action-(5,K={0,1,2,3,4,5,6,7,8,9,10,11,15,16,17,18,19,20,21,27,28,35,36,37,38,39,},B={0,1,3,5,8,9,11,16,17,19,21,36,37,38,39,},V={0,1,2,4,5,10,11,})7
Action-(7,K={0,1,2,3,4,5,6,7,8,9,10,11,15,16,17,18,19,20,21,22,24,25,26,27,28,35,36,37,38,39,},B={0,1,3,5,8,9,11,16,17,19,21,36,37,38,39,},V={0,1,2,4,5,7,10,11,})13
Action-(13,K={0,1,2,3,4,5,6,7,8,9,10,11,15,16,17,18,19,20,21,22,24,25,26,27,28,29,31,35,36,37,38,39,43,44,45,},B={0,1,3,5,8,9,11,16,17,19,21,31,36,37,38,39,44,45,},V={0,1,2,4,5,7,10,11,13,})14
Action-(14,K={0,1,2,3,4,5,6,7,8,9,10,11,15,16,17,18,19,20,21,22,24,25,26,27,28,29,31,32,35,36,37,38,39,43,44,45,46,47,},B={0,1,3,5,8,9,11,16,17,19,21,31,36,37,38,39,44,45,},V={0,1,2,4,5,7,10,11,13,14,})6
Action-(6,K={0,1,2,3,4,5,6,7,8,9,10,11,15,16,17,18,19,20,21,22,23,24,25,26,27,28,29,31,32,35,36,37,38,39,43,44,45,46,47,},B={0,1,3,5,8,9,11,16,17,19,21,23,31,36,37,38,39,44,45,},V={0,1,2,4,5,6,7,10,11,13,14,})8
Action-(8,K={0,1,2,3,4,5,6,7,8,9,10,11,15,16,17,18,19,20,21,22,23,24,25,26,27,28,29,31,32,35,36,37,38,39,43,44,45,46,47,},B={0,1,3,5,8,9,11,16,17,19,21,23,31,36,37,38,39,44,45,},V={0,1,2,4,5,6,7,8,10,11,13,14,})9
Action-(9,K={0,1,2,3,4,5,6,7,8,9,10,11,12,15,16,17,18,19,20,21,22,23,24,25,26,27,28,29,30,31,32,33,34,35,36,37,38,39,43,44,45,46,47,},B={0,1,3,5,8,9,11,12,16,17,19,21,23,30,31,36,37,38,39,44,45,},V={0,1,2,4,5,6,7,8,9,10,11,13,14,})15
Action-(15,K={0,1,2,3,4,5,6,7,8,9,10,11,12,15,16,17,18,19,20,21,22,23,24,25,26,27,28,29,30,31,32,33,34,35,36,37,38,39,43,44,45,46,47,48,49,50,},B={0,1,3,5,8,9,11,12,16,17,19,21,23,30,31,36,37,38,39,44,45,48,},V={0,1,2,4,5,6,7,8,9,10,11,13,14,15,})20
Action-(20,K={0,1,2,3,4,5,6,7,8,9,10,11,12,15,16,17,18,19,20,21,22,23,24,25,26,27,28,29,30,31,32,33,34,35,36,37,38,39,43,44,45,46,47,48,49,50,51,57,66,67,68,69,70,71,},B={0,1,3,5,8,9,11,12,16,17,19,21,23,30,31,36,37,38,39,44,45,48,51,66,70,},V={0,1,2,4,5,6,7,8,9,10,11,13,14,15,20,})37
Action-(37,K={0,1,2,3,4,5,6,7,8,9,10,11,12,15,16,17,18,19,20,21,22,23,24,25,26,27,28,29,30,31,32,33,34,35,36,37,38,39,43,44,45,46,47,48,49,50,51,57,66,67,68,69,70,71,107,114,115,116,117,},B={0,1,3,5,8,9,11,12,16,17,19,21,23,30,31,36,37,38,39,44,45,48,51,66,70,115,116,},V={0,1,2,4,5,6,7,8,9,10,11,13,14,15,20,37,})45
Action-(45,K={0,1,2,3,4,5,6,7,8,9,10,11,12,15,16,17,18,19,20,21,22,23,24,25,26,27,28,29,30,31,32,33,34,35,36,37,38,39,43,44,45,46,47,48,49,50,51,57,66,67,68,69,70,71,107,114,115,116,117,126,130,133,134,},B={0,1,3,5,8,9,11,12,16,17,19,21,23,30,31,36,37,38,39,44,45,48,51,66,70,115,116,130,133,},V={0,1,2,4,5,6,7,8,9,10,11,13,14,15,20,37,45,})49
(550.8) 8Action-(-1,K={},B={},V={})0
Action-(0,K={0,1,2,3,4,5,},B={2,5,},V={0,})10
Action-(10,K={0,1,2,3,4,5,18,27,35,36,},B={2,5,35,36,},V={0,10,})4
Action-(4,K={0,1,2,3,4,5,7,9,15,16,17,18,27,35,36,},B={2,5,7,9,15,35,36,},V={0,4,10,})2
Action-(2,K={0,1,2,3,4,5,6,7,8,9,10,15,16,17,18,27,35,36,},B={2,5,6,7,8,9,15,35,36,},V={0,2,4,10,})1
Action-(1,K={0,1,2,3,4,5,6,7,8,9,10,15,16,17,18,27,35,36,},B={2,5,6,7,8,9,15,35,36,},V={0,1,2,4,10,})6
Action-(6,K={0,1,2,3,4,5,6,7,8,9,10,15,16,17,18,19,22,23,27,35,36,},B={2,5,6,7,8,9,15,19,22,23,35,36,},V={0,1,2,4,6,10,})8
Action-(8,K={0,1,2,3,4,5,6,7,8,9,10,15,16,17,18,19,22,23,24,27,28,29,35,36,},B={2,5,6,7,8,9,15,19,22,23,24,28,35,36,},V={0,1,2,4,6,8,10,})5
Action-(5,K={0,1,2,3,4,5,6,7,8,9,10,11,15,16,17,18,19,20,21,22,23,24,27,28,29,35,36,},B={2,5,6,7,8,9,11,15,19,22,23,24,28,35,36,},V={0,1,2,4,5,6,8,10,})7
Action-(7,K={0,1,2,3,4,5,6,7,8,9,10,11,15,16,17,18,19,20,21,22,23,24,25,26,27,28,29,35,36,},B={2,5,6,7,8,9,11,15,19,22,23,24,26,28,35,36,},V={0,1,2,4,5,6,7,8,10,})13
Action-(13,K={0,1,2,3,4,5,6,7,8,9,10,11,15,16,17,18,19,20,21,22,23,24,25,26,27,28,29,31,35,36,37,43,44,45,},B={2,5,6,7,8,9,11,15,19,22,23,24,26,28,31,35,36,37,45,},V={0,1,2,4,5,6,7,8,10,13,})17
Action-(17,K={0,1,2,3,4,5,6,7,8,9,10,11,15,16,17,18,19,20,21,22,23,24,25,26,27,28,29,31,35,36,37,43,44,45,47,49,56,57,58,59,},B={2,5,6,7,8,9,11,15,19,22,23,24,26,28,31,35,36,37,45,49,56,57,58,},V={0,1,2,4,5,6,7,8,10,13,17,})14
Action-(14,K={0,1,2,3,4,5,6,7,8,9,10,11,15,16,17,18,19,20,21,22,23,24,25,26,27,28,29,31,32,35,36,37,43,44,45,46,47,49,56,57,58,59,},B={2,5,6,7,8,9,11,15,19,22,23,24,26,28,31,32,35,36,37,45,49,56,57,58,},V={0,1,2,4,5,6,7,8,10,13,14,17,})15
Action-(15,K={0,1,2,3,4,5,6,7,8,9,10,11,15,16,17,18,19,20,21,22,23,24,25,26,27,28,29,31,32,33,35,36,37,43,44,45,46,47,48,49,50,56,57,58,59,},B={2,5,6,7,8,9,11,15,19,22,23,24,26,28,31,32,35,36,37,45,48,49,56,57,58,},V={0,1,2,4,5,6,7,8,10,13,14,15,17,})41
Action-(41,K={0,1,2,3,4,5,6,7,8,9,10,11,15,16,17,18,19,20,21,22,23,24,25,26,27,28,29,31,32,33,35,36,37,43,44,45,46,47,48,49,50,56,57,58,59,71,91,111,121,123,124,125,},B={2,5,6,7,8,9,11,15,19,22,23,24,26,28,31,32,35,36,37,45,48,49,56,57,58,71,124,},V={0,1,2,4,5,6,7,8,10,13,14,15,17,41,})42
Action-(42,K={0,1,2,3,4,5,6,7,8,9,10,11,15,16,17,18,19,20,21,22,23,24,25,26,27,28,29,31,32,33,35,36,37,43,44,45,46,47,48,49,50,56,57,58,59,71,91,111,115,121,122,123,124,125,126,127,128,},B={2,5,6,7,8,9,11,15,19,22,23,24,26,28,31,32,35,36,37,45,48,49,56,57,58,71,115,124,128,},V={0,1,2,4,5,6,7,8,10,13,14,15,17,41,42,})45
Action-(45,K={0,1,2,3,4,5,6,7,8,9,10,11,15,16,17,18,19,20,21,22,23,24,25,26,27,28,29,31,32,33,35,36,37,43,44,45,46,47,48,49,50,56,57,58,59,71,91,111,115,117,121,122,123,124,125,126,127,128,130,133,134,},B={2,5,6,7,8,9,11,15,19,22,23,24,26,28,31,32,35,36,37,45,48,49,56,57,58,71,115,117,124,128,130,},V={0,1,2,4,5,6,7,8,10,13,14,15,17,41,42,45,})49
(568.3) 9Action-(-1,K={},B={},V={})0
Action-(0,K={0,1,2,3,4,5,},B={3,5,},V={0,})1
Action-(1,K={0,1,2,3,4,5,6,7,},B={3,5,7,},V={0,1,})2
Action-(2,K={0,1,2,3,4,5,6,7,8,9,10,},B={3,5,7,8,9,},V={0,1,2,})10
Action-(10,K={0,1,2,3,4,5,6,7,8,9,10,18,27,35,36,},B={3,5,7,8,9,36,},V={0,1,2,10,})4
Action-(4,K={0,1,2,3,4,5,6,7,8,9,10,15,16,17,18,27,35,36,},B={3,5,7,8,9,15,17,36,},V={0,1,2,4,10,})11
Action-(11,K={0,1,2,3,4,5,6,7,8,9,10,15,16,17,18,27,28,35,36,37,38,39,},B={3,5,7,8,9,15,17,36,38,},V={0,1,2,4,10,11,})8
Action-(8,K={0,1,2,3,4,5,6,7,8,9,10,15,16,17,18,23,24,27,28,29,35,36,37,38,39,},B={3,5,7,8,9,15,17,23,36,38,},V={0,1,2,4,8,10,11,})24
Action-(24,K={0,1,2,3,4,5,6,7,8,9,10,15,16,17,18,23,24,27,28,29,35,36,37,38,39,63,81,82,83,},B={3,5,7,8,9,15,17,23,36,38,82,},V={0,1,2,4,8,10,11,24,})38
Action-(38,K={0,1,2,3,4,5,6,7,8,9,10,15,16,17,18,23,24,27,28,29,35,36,37,38,39,63,81,82,83,96,103,118,119,},B={3,5,7,8,9,15,17,23,36,38,82,96,103,119,},V={0,1,2,4,8,10,11,24,38,})48
Action-(48,K={0,1,2,3,4,5,6,7,8,9,10,15,16,17,18,23,24,27,28,29,35,36,37,38,39,63,81,82,83,96,103,104,113,118,119,125,127,129,138,},B={3,5,7,8,9,15,17,23,36,38,82,96,103,104,119,138,},V={0,1,2,4,8,10,11,24,38,48,})42
Action-(42,K={0,1,2,3,4,5,6,7,8,9,10,15,16,17,18,23,24,27,28,29,35,36,37,38,39,63,81,82,83,96,103,104,113,115,118,119,122,123,125,126,127,128,129,138,},B={3,5,7,8,9,15,17,23,36,38,82,96,103,104,115,119,128,138,},V={0,1,2,4,8,10,11,24,38,42,48,})45
Action-(45,K={0,1,2,3,4,5,6,7,8,9,10,15,16,17,18,23,24,27,28,29,35,36,37,38,39,63,81,82,83,96,103,104,113,115,117,118,119,122,123,125,126,127,128,129,130,133,134,138,},B={3,5,7,8,9,15,17,23,36,38,82,96,103,104,115,117,119,128,130,138,},V={0,1,2,4,8,10,11,24,38,42,45,48,})49
(548.8) 10Action-(-1,K={},B={},V={})0
Action-(0,K={0,1,2,3,4,5,},B={0,5,},V={0,})2
Action-(2,K={0,1,2,3,4,5,6,8,9,10,},B={0,5,9,},V={0,2,})1
Action-(1,K={0,1,2,3,4,5,6,7,8,9,10,},B={0,5,7,9,},V={0,1,2,})4
Action-(4,K={0,1,2,3,4,5,6,7,8,9,10,15,16,17,18,},B={0,5,7,9,15,},V={0,1,2,4,})10
Action-(10,K={0,1,2,3,4,5,6,7,8,9,10,15,16,17,18,27,35,36,},B={0,5,7,9,15,},V={0,1,2,4,10,})24
Action-(24,K={0,1,2,3,4,5,6,7,8,9,10,15,16,17,18,27,35,36,39,63,81,82,83,},B={0,5,7,9,15,82,83,},V={0,1,2,4,10,24,})29
Action-(29,K={0,1,2,3,4,5,6,7,8,9,10,15,16,17,18,27,35,36,39,63,81,82,83,95,96,},B={0,5,7,9,15,82,83,96,},V={0,1,2,4,10,24,29,})32
Action-(32,K={0,1,2,3,4,5,6,7,8,9,10,15,16,17,18,27,35,36,39,63,65,81,82,83,89,95,96,102,103,104,},B={0,5,7,9,15,65,82,83,96,103,},V={0,1,2,4,10,24,29,32,})48
Action-(48,K={0,1,2,3,4,5,6,7,8,9,10,15,16,17,18,27,35,36,39,63,65,81,82,83,89,95,96,102,103,104,113,118,125,127,129,138,},B={0,5,7,9,15,65,82,83,96,103,},V={0,1,2,4,10,24,29,32,48,})49
(518.1) 11Action-(-1,K={},B={},V={})0
Action-(0,K={0,1,2,3,4,5,},B={0,5,},V={0,})4
Action-(4,K={0,1,2,3,4,5,7,9,15,16,17,18,},B={0,5,9,15,},V={0,4,})6
Action-(6,K={0,1,2,3,4,5,7,9,15,16,17,18,19,22,23,},B={0,5,9,15,},V={0,4,6,})5
Action-(5,K={0,1,2,3,4,5,7,9,10,11,15,16,17,18,19,20,21,22,23,},B={0,5,9,10,15,},V={0,4,5,6,})2
Action-(2,K={0,1,2,3,4,5,6,7,8,9,10,11,15,16,17,18,19,20,21,22,23,},B={0,5,8,9,10,15,},V={0,2,4,5,6,})1
Action-(1,K={0,1,2,3,4,5,6,7,8,9,10,11,15,16,17,18,19,20,21,22,23,},B={0,5,8,9,10,15,},V={0,1,2,4,5,6,})3
Action-(3,K={0,1,2,3,4,5,6,7,8,9,10,11,12,13,14,15,16,17,18,19,20,21,22,23,},B={0,5,8,9,10,12,15,},V={0,1,2,3,4,5,6,})7
Action-(7,K={0,1,2,3,4,5,6,7,8,9,10,11,12,13,14,15,16,17,18,19,20,21,22,23,24,25,26,},B={0,5,8,9,10,12,15,26,},V={0,1,2,3,4,5,6,7,})10
Action-(10,K={0,1,2,3,4,5,6,7,8,9,10,11,12,13,14,15,16,17,18,19,20,21,22,23,24,25,26,27,35,36,},B={0,5,8,9,10,12,15,26,},V={0,1,2,3,4,5,6,7,10,})8
Action-(8,K={0,1,2,3,4,5,6,7,8,9,10,11,12,13,14,15,16,17,18,19,20,21,22,23,24,25,26,27,28,29,35,36,},B={0,5,8,9,10,12,15,26,28,},V={0,1,2,3,4,5,6,7,8,10,})24
Action-(24,K={0,1,2,3,4,5,6,7,8,9,10,11,12,13,14,15,16,17,18,19,20,21,22,23,24,25,26,27,28,29,35,36,39,63,81,82,83,},B={0,5,8,9,10,12,15,26,28,82,83,},V={0,1,2,3,4,5,6,7,8,10,24,})29
Action-(29,K={0,1,2,3,4,5,6,7,8,9,10,11,12,13,14,15,16,17,18,19,20,21,22,23,24,25,26,27,28,29,35,36,39,63,81,82,83,95,96,},B={0,5,8,9,10,12,15,26,28,82,83,95,96,},V={0,1,2,3,4,5,6,7,8,10,24,29,})11
Action-(11,K={0,1,2,3,4,5,6,7,8,9,10,11,12,13,14,15,16,17,18,19,20,21,22,23,24,25,26,27,28,29,35,36,37,38,39,63,81,82,83,95,96,},B={0,5,8,9,10,12,15,26,28,38,82,83,95,96,},V={0,1,2,3,4,5,6,7,8,10,11,24,29,})13
Action-(13,K={0,1,2,3,4,5,6,7,8,9,10,11,12,13,14,15,16,17,18,19,20,21,22,23,24,25,26,27,28,29,31,35,36,37,38,39,43,44,45,63,81,82,83,95,96,},B={0,5,8,9,10,12,15,26,28,38,45,82,83,95,96,},V={0,1,2,3,4,5,6,7,8,10,11,13,24,29,})9
Action-(9,K={0,1,2,3,4,5,6,7,8,9,10,11,12,13,14,15,16,17,18,19,20,21,22,23,24,25,26,27,28,29,30,31,32,33,34,35,36,37,38,39,43,44,45,63,81,82,83,95,96,},B={0,5,8,9,10,12,15,26,28,30,32,38,45,82,83,95,96,},V={0,1,2,3,4,5,6,7,8,9,10,11,13,24,29,})19
Action-(19,K={0,1,2,3,4,5,6,7,8,9,10,11,12,13,14,15,16,17,18,19,20,21,22,23,24,25,26,27,28,29,30,31,32,33,34,35,36,37,38,39,43,44,45,56,63,64,65,81,82,83,95,96,},B={0,5,8,9,10,12,15,26,28,30,32,38,45,56,65,82,83,95,96,},V={0,1,2,3,4,5,6,7,8,9,10,11,13,19,24,29,})12
Action-(12,K={0,1,2,3,4,5,6,7,8,9,10,11,12,13,14,15,16,17,18,19,20,21,22,23,24,25,26,27,28,29,30,31,32,33,34,35,36,37,38,39,40,41,42,43,44,45,56,63,64,65,81,82,83,95,96,},B={0,5,8,9,10,12,15,26,28,30,32,38,40,42,45,56,65,82,83,95,96,},V={0,1,2,3,4,5,6,7,8,9,10,11,12,13,19,24,29,})17
Action-(17,K={0,1,2,3,4,5,6,7,8,9,10,11,12,13,14,15,16,17,18,19,20,21,22,23,24,25,26,27,28,29,30,31,32,33,34,35,36,37,38,39,40,41,42,43,44,45,47,49,56,57,58,59,63,64,65,81,82,83,95,96,},B={0,5,8,9,10,12,15,26,28,30,32,38,40,42,45,49,56,58,59,65,82,83,95,96,},V={0,1,2,3,4,5,6,7,8,9,10,11,12,13,17,19,24,29,})15
Action-(15,K={0,1,2,3,4,5,6,7,8,9,10,11,12,13,14,15,16,17,18,19,20,21,22,23,24,25,26,27,28,29,30,31,32,33,34,35,36,37,38,39,40,41,42,43,44,45,46,47,48,49,50,56,57,58,59,63,64,65,81,82,83,95,96,},B={0,5,8,9,10,12,15,26,28,30,32,38,40,42,45,48,49,56,58,59,65,82,83,95,96,},V={0,1,2,3,4,5,6,7,8,9,10,11,12,13,15,17,19,24,29,})14
Action-(14,K={0,1,2,3,4,5,6,7,8,9,10,11,12,13,14,15,16,17,18,19,20,21,22,23,24,25,26,27,28,29,30,31,32,33,34,35,36,37,38,39,40,41,42,43,44,45,46,47,48,49,50,56,57,58,59,63,64,65,81,82,83,95,96,},B={0,5,8,9,10,12,15,26,28,30,32,38,40,42,45,48,49,56,58,59,65,82,83,95,96,},V={0,1,2,3,4,5,6,7,8,9,10,11,12,13,14,15,17,19,24,29,})27
Action-(27,K={0,1,2,3,4,5,6,7,8,9,10,11,12,13,14,15,16,17,18,19,20,21,22,23,24,25,26,27,28,29,30,31,32,33,34,35,36,37,38,39,40,41,42,43,44,45,46,47,48,49,50,56,57,58,59,63,64,65,81,82,83,89,90,91,95,96,},B={0,5,8,9,10,12,15,26,28,30,32,38,40,42,45,48,49,56,58,59,65,82,83,90,95,96,},V={0,1,2,3,4,5,6,7,8,9,10,11,12,13,14,15,17,19,24,27,29,})32
Action-(32,K={0,1,2,3,4,5,6,7,8,9,10,11,12,13,14,15,16,17,18,19,20,21,22,23,24,25,26,27,28,29,30,31,32,33,34,35,36,37,38,39,40,41,42,43,44,45,46,47,48,49,50,56,57,58,59,63,64,65,81,82,83,89,90,91,95,96,102,103,104,},B={0,5,8,9,10,12,15,26,28,30,32,38,40,42,45,48,49,56,58,59,65,82,83,90,95,96,103,104,},V={0,1,2,3,4,5,6,7,8,9,10,11,12,13,14,15,17,19,24,27,29,32,})36
Action-(36,K={0,1,2,3,4,5,6,7,8,9,10,11,12,13,14,15,16,17,18,19,20,21,22,23,24,25,26,27,28,29,30,31,32,33,34,35,36,37,38,39,40,41,42,43,44,45,46,47,48,49,50,56,57,58,59,63,64,65,81,82,83,89,90,91,95,96,102,103,104,111,112,113,},B={0,5,8,9,10,12,15,26,28,30,32,38,40,42,45,48,49,56,58,59,65,82,83,90,95,96,103,104,},V={0,1,2,3,4,5,6,7,8,9,10,11,12,13,14,15,17,19,24,27,29,32,36,})48
Action-(48,K={0,1,2,3,4,5,6,7,8,9,10,11,12,13,14,15,16,17,18,19,20,21,22,23,24,25,26,27,28,29,30,31,32,33,34,35,36,37,38,39,40,41,42,43,44,45,46,47,48,49,50,56,57,58,59,63,64,65,81,82,83,89,90,91,95,96,102,103,104,111,112,113,118,125,127,129,138,},B={0,5,8,9,10,12,15,26,28,30,32,38,40,42,45,48,49,56,58,59,65,82,83,90,95,96,103,104,127,129,138,},V={0,1,2,3,4,5,6,7,8,9,10,11,12,13,14,15,17,19,24,27,29,32,36,48,})38
Action-(38,K={0,1,2,3,4,5,6,7,8,9,10,11,12,13,14,15,16,17,18,19,20,21,22,23,24,25,26,27,28,29,30,31,32,33,34,35,36,37,38,39,40,41,42,43,44,45,46,47,48,49,50,56,57,58,59,63,64,65,81,82,83,89,90,91,95,96,102,103,104,111,112,113,118,119,125,127,129,138,},B={0,5,8,9,10,12,15,26,28,30,32,38,40,42,45,48,49,56,58,59,65,82,83,90,95,96,103,104,119,127,129,138,},V={0,1,2,3,4,5,6,7,8,9,10,11,12,13,14,15,17,19,24,27,29,32,36,38,48,})41
Action-(41,K={0,1,2,3,4,5,6,7,8,9,10,11,12,13,14,15,16,17,18,19,20,21,22,23,24,25,26,27,28,29,30,31,32,33,34,35,36,37,38,39,40,41,42,43,44,45,46,47,48,49,50,56,57,58,59,63,64,65,71,81,82,83,89,90,91,95,96,102,103,104,111,112,113,118,119,121,123,124,125,127,129,138,},B={0,5,8,9,10,12,15,26,28,30,32,38,40,42,45,48,49,56,58,59,65,71,82,83,90,95,96,103,104,119,123,127,129,138,},V={0,1,2,3,4,5,6,7,8,9,10,11,12,13,14,15,17,19,24,27,29,32,36,38,41,48,})43
Action-(43,K={0,1,2,3,4,5,6,7,8,9,10,11,12,13,14,15,16,17,18,19,20,21,22,23,24,25,26,27,28,29,30,31,32,33,34,35,36,37,38,39,40,41,42,43,44,45,46,47,48,49,50,56,57,58,59,63,64,65,71,81,82,83,89,90,91,95,96,102,103,104,111,112,113,118,119,121,123,124,125,127,129,138,},B={0,5,8,9,10,12,15,26,28,30,32,38,40,42,45,48,49,56,58,59,65,71,82,83,90,95,96,103,104,119,123,127,129,138,},V={0,1,2,3,4,5,6,7,8,9,10,11,12,13,14,15,17,19,24,27,29,32,36,38,41,43,48,})40
Action-(40,K={0,1,2,3,4,5,6,7,8,9,10,11,12,13,14,15,16,17,18,19,20,21,22,23,24,25,26,27,28,29,30,31,32,33,34,35,36,37,38,39,40,41,42,43,44,45,46,47,48,49,50,56,57,58,59,63,64,65,70,71,81,82,83,89,90,91,95,96,102,103,104,111,112,113,114,118,119,121,122,123,124,125,127,129,138,},B={0,5,8,9,10,12,15,26,28,30,32,38,40,42,45,48,49,56,58,59,65,70,71,82,83,90,95,96,103,104,119,122,123,127,129,138,},V={0,1,2,3,4,5,6,7,8,9,10,11,12,13,14,15,17,19,24,27,29,32,36,38,40,41,43,48,})37
Action-(37,K={0,1,2,3,4,5,6,7,8,9,10,11,12,13,14,15,16,17,18,19,20,21,22,23,24,25,26,27,28,29,30,31,32,33,34,35,36,37,38,39,40,41,42,43,44,45,46,47,48,49,50,56,57,58,59,63,64,65,69,70,71,81,82,83,89,90,91,95,96,102,103,104,107,111,112,113,114,115,116,117,118,119,121,122,123,124,125,127,129,138,},B={0,5,8,9,10,12,15,26,28,30,32,38,40,42,45,48,49,56,58,59,65,70,71,82,83,90,95,96,103,104,116,119,122,123,127,129,138,},V={0,1,2,3,4,5,6,7,8,9,10,11,12,13,14,15,17,19,24,27,29,32,36,37,38,40,41,43,48,})45
Action-(45,K={0,1,2,3,4,5,6,7,8,9,10,11,12,13,14,15,16,17,18,19,20,21,22,23,24,25,26,27,28,29,30,31,32,33,34,35,36,37,38,39,40,41,42,43,44,45,46,47,48,49,50,56,57,58,59,63,64,65,69,70,71,81,82,83,89,90,91,95,96,102,103,104,107,111,112,113,114,115,116,117,118,119,121,122,123,124,125,126,127,129,130,133,134,138,},B={0,5,8,9,10,12,15,26,28,30,32,38,40,42,45,48,49,56,58,59,65,70,71,82,83,90,95,96,103,104,116,119,122,123,127,129,130,138,},V={0,1,2,3,4,5,6,7,8,9,10,11,12,13,14,15,17,19,24,27,29,32,36,37,38,40,41,43,45,48,})49
(567.6) 12Action-(-1,K={},B={},V={})0
Action-(0,K={0,1,2,3,4,5,},B={3,5,},V={0,})2
Action-(2,K={0,1,2,3,4,5,6,8,9,10,},B={3,5,8,9,},V={0,2,})1
Action-(1,K={0,1,2,3,4,5,6,7,8,9,10,},B={3,5,8,9,},V={0,1,2,})10
Action-(10,K={0,1,2,3,4,5,6,7,8,9,10,18,27,35,36,},B={3,5,8,9,35,36,},V={0,1,2,10,})4
Action-(4,K={0,1,2,3,4,5,6,7,8,9,10,15,16,17,18,27,35,36,},B={3,5,8,9,15,35,36,},V={0,1,2,4,10,})6
Action-(6,K={0,1,2,3,4,5,6,7,8,9,10,15,16,17,18,19,22,23,27,35,36,},B={3,5,8,9,15,35,36,},V={0,1,2,4,6,10,})5
Action-(5,K={0,1,2,3,4,5,6,7,8,9,10,11,15,16,17,18,19,20,21,22,23,27,35,36,},B={3,5,8,9,15,21,35,36,},V={0,1,2,4,5,6,10,})8
Action-(8,K={0,1,2,3,4,5,6,7,8,9,10,11,15,16,17,18,19,20,21,22,23,24,27,28,29,35,36,},B={3,5,8,9,15,21,35,36,},V={0,1,2,4,5,6,8,10,})11
Action-(11,K={0,1,2,3,4,5,6,7,8,9,10,11,15,16,17,18,19,20,21,22,23,24,27,28,29,35,36,37,38,39,},B={3,5,8,9,15,21,35,36,37,38,},V={0,1,2,4,5,6,8,10,11,})24
Action-(24,K={0,1,2,3,4,5,6,7,8,9,10,11,15,16,17,18,19,20,21,22,23,24,27,28,29,35,36,37,38,39,63,81,82,83,},B={3,5,8,9,15,21,35,36,37,38,82,},V={0,1,2,4,5,6,8,10,11,24,})38
Action-(38,K={0,1,2,3,4,5,6,7,8,9,10,11,15,16,17,18,19,20,21,22,23,24,27,28,29,35,36,37,38,39,63,81,82,83,96,103,118,119,},B={3,5,8,9,15,21,35,36,37,38,82,96,103,119,},V={0,1,2,4,5,6,8,10,11,24,38,})29
Action-(29,K={0,1,2,3,4,5,6,7,8,9,10,11,15,16,17,18,19,20,21,22,23,24,27,28,29,35,36,37,38,39,63,81,82,83,95,96,103,118,119,},B={3,5,8,9,15,21,35,36,37,38,82,95,96,103,119,},V={0,1,2,4,5,6,8,10,11,24,29,38,})19
Action-(19,K={0,1,2,3,4,5,6,7,8,9,10,11,15,16,17,18,19,20,21,22,23,24,27,28,29,35,36,37,38,39,45,56,63,64,65,81,82,83,95,96,103,118,119,},B={3,5,8,9,15,21,35,36,37,38,45,56,65,82,95,96,103,119,},V={0,1,2,4,5,6,8,10,11,19,24,29,38,})48
Action-(48,K={0,1,2,3,4,5,6,7,8,9,10,11,15,16,17,18,19,20,21,22,23,24,27,28,29,35,36,37,38,39,45,56,63,64,65,81,82,83,95,96,103,104,113,118,119,125,127,129,138,},B={3,5,8,9,15,21,35,36,37,38,45,56,65,82,95,96,103,104,119,127,129,138,},V={0,1,2,4,5,6,8,10,11,19,24,29,38,48,})27
Action-(27,K={0,1,2,3,4,5,6,7,8,9,10,11,15,16,17,18,19,20,21,22,23,24,27,28,29,35,36,37,38,39,45,56,58,63,64,65,81,82,83,89,90,91,95,96,103,104,113,118,119,125,127,129,138,},B={3,5,8,9,15,21,35,36,37,38,45,56,65,82,89,90,91,95,96,103,104,119,127,129,138,},V={0,1,2,4,5,6,8,10,11,19,24,27,29,38,48,})17
Action-(17,K={0,1,2,3,4,5,6,7,8,9,10,11,15,16,17,18,19,20,21,22,23,24,27,28,29,35,36,37,38,39,44,45,47,49,56,57,58,59,63,64,65,81,82,83,89,90,91,95,96,103,104,113,118,119,125,127,129,138,},B={3,5,8,9,15,21,35,36,37,38,45,56,65,82,89,90,91,95,96,103,104,119,127,129,138,},V={0,1,2,4,5,6,8,10,11,17,19,24,27,29,38,48,})41
Action-(41,K={0,1,2,3,4,5,6,7,8,9,10,11,15,16,17,18,19,20,21,22,23,24,27,28,29,35,36,37,38,39,44,45,47,49,56,57,58,59,63,64,65,71,81,82,83,89,90,91,95,96,103,104,111,113,118,119,121,123,124,125,127,129,138,},B={3,5,8,9,15,21,35,36,37,38,45,56,65,82,89,90,91,95,96,103,104,119,127,129,138,},V={0,1,2,4,5,6,8,10,11,17,19,24,27,29,38,41,48,})42
Action-(42,K={0,1,2,3,4,5,6,7,8,9,10,11,15,16,17,18,19,20,21,22,23,24,27,28,29,35,36,37,38,39,44,45,47,49,56,57,58,59,63,64,65,71,81,82,83,89,90,91,95,96,103,104,111,113,115,118,119,121,122,123,124,125,126,127,128,129,138,},B={3,5,8,9,15,21,35,36,37,38,45,56,65,82,89,90,91,95,96,103,104,115,119,127,128,129,138,},V={0,1,2,4,5,6,8,10,11,17,19,24,27,29,38,41,42,48,})45
Action-(45,K={0,1,2,3,4,5,6,7,8,9,10,11,15,16,17,18,19,20,21,22,23,24,27,28,29,35,36,37,38,39,44,45,47,49,56,57,58,59,63,64,65,71,81,82,83,89,90,91,95,96,103,104,111,113,115,117,118,119,121,122,123,124,125,126,127,128,129,130,133,134,138,},B={3,5,8,9,15,21,35,36,37,38,45,56,65,82,89,90,91,95,96,103,104,115,117,119,127,128,129,130,138,},V={0,1,2,4,5,6,8,10,11,17,19,24,27,29,38,41,42,45,48,})49
(568.7) 13Action-(-1,K={},B={},V={})0
Action-(0,K={0,1,2,3,4,5,},B={0,1,5,},V={0,})4
Action-(4,K={0,1,2,3,4,5,7,9,15,16,17,18,},B={0,1,5,7,9,15,18,},V={0,4,})10
Action-(10,K={0,1,2,3,4,5,7,9,15,16,17,18,27,35,36,},B={0,1,5,7,9,15,18,36,},V={0,4,10,})11
Action-(11,K={0,1,2,3,4,5,7,9,15,16,17,18,27,28,35,36,37,38,39,},B={0,1,5,7,9,15,18,36,37,},V={0,4,10,11,})8
Action-(8,K={0,1,2,3,4,5,7,9,15,16,17,18,23,24,27,28,29,35,36,37,38,39,},B={0,1,5,7,9,15,18,23,36,37,},V={0,4,8,10,11,})24
Action-(24,K={0,1,2,3,4,5,7,9,15,16,17,18,23,24,27,28,29,35,36,37,38,39,63,81,82,83,},B={0,1,5,7,9,15,18,23,36,37,81,82,},V={0,4,8,10,11,24,})38
Action-(38,K={0,1,2,3,4,5,7,9,15,16,17,18,23,24,27,28,29,35,36,37,38,39,63,81,82,83,96,103,118,119,},B={0,1,5,7,9,15,18,23,36,37,81,82,103,119,},V={0,4,8,10,11,24,38,})29
Action-(29,K={0,1,2,3,4,5,7,9,15,16,17,18,23,24,27,28,29,35,36,37,38,39,63,81,82,83,95,96,103,118,119,},B={0,1,5,7,9,15,18,23,36,37,81,82,95,103,119,},V={0,4,8,10,11,24,29,38,})48
Action-(48,K={0,1,2,3,4,5,7,9,15,16,17,18,23,24,27,28,29,35,36,37,38,39,63,81,82,83,95,96,103,104,113,118,119,125,127,129,138,},B={0,1,5,7,9,15,18,23,36,37,81,82,95,103,104,119,138,},V={0,4,8,10,11,24,29,38,48,})42
Action-(42,K={0,1,2,3,4,5,7,9,15,16,17,18,23,24,27,28,29,35,36,37,38,39,63,81,82,83,95,96,103,104,113,115,118,119,122,123,125,126,127,128,129,138,},B={0,1,5,7,9,15,18,23,36,37,81,82,95,103,104,115,119,122,123,128,138,},V={0,4,8,10,11,24,29,38,42,48,})45
Action-(45,K={0,1,2,3,4,5,7,9,15,16,17,18,23,24,27,28,29,35,36,37,38,39,63,81,82,83,95,96,103,104,113,115,117,118,119,122,123,125,126,127,128,129,130,133,134,138,},B={0,1,5,7,9,15,18,23,36,37,81,82,95,103,104,115,117,119,122,123,128,130,133,134,138,},V={0,4,8,10,11,24,29,38,42,45,48,})43
Action-(43,K={0,1,2,3,4,5,7,9,15,16,17,18,23,24,27,28,29,35,36,37,38,39,63,81,82,83,95,96,103,104,112,113,115,117,118,119,122,123,124,125,126,127,128,129,130,133,134,138,},B={0,1,5,7,9,15,18,23,36,37,81,82,95,103,104,115,117,119,122,123,128,130,133,134,138,},V={0,4,8,10,11,24,29,38,42,43,45,48,})36
Action-(36,K={0,1,2,3,4,5,7,9,15,16,17,18,23,24,27,28,29,35,36,37,38,39,63,81,82,83,90,95,96,102,103,104,111,112,113,115,117,118,119,122,123,124,125,126,127,128,129,130,133,134,138,},B={0,1,5,7,9,15,18,23,36,37,81,82,90,95,103,104,115,117,119,122,123,128,130,133,134,138,},V={0,4,8,10,11,24,29,36,38,42,43,45,48,})32
Action-(32,K={0,1,2,3,4,5,7,9,15,16,17,18,23,24,27,28,29,35,36,37,38,39,63,65,81,82,83,89,90,95,96,102,103,104,111,112,113,115,117,118,119,122,123,124,125,126,127,128,129,130,133,134,138,},B={0,1,5,7,9,15,18,23,36,37,65,81,82,90,95,103,104,115,117,119,122,123,128,130,133,134,138,},V={0,4,8,10,11,24,29,32,36,38,42,43,45,48,})27
Action-(27,K={0,1,2,3,4,5,7,9,15,16,17,18,23,24,27,28,29,35,36,37,38,39,58,63,64,65,81,82,83,89,90,91,95,96,102,103,104,111,112,113,115,117,118,119,122,123,124,125,126,127,128,129,130,133,134,138,},B={0,1,5,7,9,15,18,23,36,37,58,65,81,82,90,91,95,103,104,115,117,119,122,123,128,130,133,134,138,},V={0,4,8,10,11,24,27,29,32,36,38,42,43,45,48,})19
Action-(19,K={0,1,2,3,4,5,7,9,15,16,17,18,23,24,27,28,29,35,36,37,38,39,45,56,58,63,64,65,81,82,83,89,90,91,95,96,102,103,104,111,112,113,115,117,118,119,122,123,124,125,126,127,128,129,130,133,134,138,},B={0,1,5,7,9,15,18,23,36,37,45,56,58,65,81,82,90,91,95,103,104,115,117,119,122,123,128,130,133,134,138,},V={0,4,8,10,11,19,24,27,29,32,36,38,42,43,45,48,})13
Action-(13,K={0,1,2,3,4,5,7,9,15,16,17,18,23,24,26,27,28,29,31,35,36,37,38,39,43,44,45,56,58,63,64,65,81,82,83,89,90,91,95,96,102,103,104,111,112,113,115,117,118,119,122,123,124,125,126,127,128,129,130,133,134,138,},B={0,1,5,7,9,15,18,23,26,31,36,37,45,56,58,65,81,82,90,91,95,103,104,115,117,119,122,123,128,130,133,134,138,},V={0,4,8,10,11,13,19,24,27,29,32,36,38,42,43,45,48,})17
Action-(17,K={0,1,2,3,4,5,7,9,15,16,17,18,23,24,26,27,28,29,31,35,36,37,38,39,43,44,45,47,49,56,57,58,59,63,64,65,81,82,83,89,90,91,95,96,102,103,104,111,112,113,115,117,118,119,122,123,124,125,126,127,128,129,130,133,134,138,},B={0,1,5,7,9,15,18,23,26,31,36,37,45,49,56,57,58,65,81,82,90,91,95,103,104,115,117,119,122,123,128,130,133,134,138,},V={0,4,8,10,11,13,17,19,24,27,29,32,36,38,42,43,45,48,})14
Action-(14,K={0,1,2,3,4,5,7,9,15,16,17,18,23,24,26,27,28,29,31,32,35,36,37,38,39,43,44,45,46,47,49,56,57,58,59,63,64,65,81,82,83,89,90,91,95,96,102,103,104,111,112,113,115,117,118,119,122,123,124,125,126,127,128,129,130,133,134,138,},B={0,1,5,7,9,15,18,23,26,31,36,37,45,49,56,57,58,65,81,82,90,91,95,103,104,115,117,119,122,123,128,130,133,134,138,},V={0,4,8,10,11,13,14,17,19,24,27,29,32,36,38,42,43,45,48,})15
Action-(15,K={0,1,2,3,4,5,7,9,15,16,17,18,23,24,26,27,28,29,31,32,33,35,36,37,38,39,43,44,45,46,47,48,49,50,56,57,58,59,63,64,65,81,82,83,89,90,91,95,96,102,103,104,111,112,113,115,117,118,119,122,123,124,125,126,127,128,129,130,133,134,138,},B={0,1,5,7,9,15,18,23,26,31,36,37,45,49,56,57,58,65,81,82,90,91,95,103,104,115,117,119,122,123,128,130,133,134,138,},V={0,4,8,10,11,13,14,15,17,19,24,27,29,32,36,38,42,43,45,48,})16
Action-(16,K={0,1,2,3,4,5,7,9,15,16,17,18,23,24,26,27,28,29,31,32,33,34,35,36,37,38,39,40,43,44,45,46,47,48,49,50,51,52,53,54,55,56,57,58,59,63,64,65,81,82,83,89,90,91,95,96,102,103,104,111,112,113,115,117,118,119,122,123,124,125,126,127,128,129,130,133,134,138,},B={0,1,5,7,9,15,18,23,26,31,36,37,40,45,49,52,56,57,58,65,81,82,90,91,95,103,104,115,117,119,122,123,128,130,133,134,138,},V={0,4,8,10,11,13,14,15,16,17,19,24,27,29,32,36,38,42,43,45,48,})23
Action-(23,K={0,1,2,3,4,5,7,9,15,16,17,18,23,24,26,27,28,29,31,32,33,34,35,36,37,38,39,40,43,44,45,46,47,48,49,50,51,52,53,54,55,56,57,58,59,63,64,65,66,77,78,79,80,81,82,83,89,90,91,95,96,102,103,104,111,112,113,115,117,118,119,122,123,124,125,126,127,128,129,130,133,134,138,},B={0,1,5,7,9,15,18,23,26,31,36,37,40,45,49,52,56,57,58,65,66,79,80,81,82,90,91,95,103,104,115,117,119,122,123,128,130,133,134,138,},V={0,4,8,10,11,13,14,15,16,17,19,23,24,27,29,32,36,38,42,43,45,48,})31
Action-(31,K={0,1,2,3,4,5,7,9,15,16,17,18,23,24,26,27,28,29,31,32,33,34,35,36,37,38,39,40,43,44,45,46,47,48,49,50,51,52,53,54,55,56,57,58,59,63,64,65,66,77,78,79,80,81,82,83,89,90,91,92,95,96,97,101,102,103,104,111,112,113,115,117,118,119,122,123,124,125,126,127,128,129,130,133,134,138,},B={0,1,5,7,9,15,18,23,26,31,36,37,40,45,49,52,56,57,58,65,66,79,80,81,82,90,91,95,97,101,103,104,115,117,119,122,123,128,130,133,134,138,},V={0,4,8,10,11,13,14,15,16,17,19,23,24,27,29,31,32,36,38,42,43,45,48,})20
Action-(20,K={0,1,2,3,4,5,7,9,15,16,17,18,23,24,26,27,28,29,31,32,33,34,35,36,37,38,39,40,43,44,45,46,47,48,49,50,51,52,53,54,55,56,57,58,59,63,64,65,66,67,68,69,70,71,77,78,79,80,81,82,83,89,90,91,92,95,96,97,101,102,103,104,111,112,113,115,117,118,119,122,123,124,125,126,127,128,129,130,133,134,138,},B={0,1,5,7,9,15,18,23,26,31,36,37,40,45,49,52,56,57,58,65,66,70,71,79,80,81,82,90,91,95,97,101,103,104,115,117,119,122,123,128,130,133,134,138,},V={0,4,8,10,11,13,14,15,16,17,19,20,23,24,27,29,31,32,36,38,42,43,45,48,})34
Action-(34,K={0,1,2,3,4,5,7,9,15,16,17,18,23,24,26,27,28,29,31,32,33,34,35,36,37,38,39,40,43,44,45,46,47,48,49,50,51,52,53,54,55,56,57,58,59,63,64,65,66,67,68,69,70,71,77,78,79,80,81,82,83,87,89,90,91,92,95,96,97,101,102,103,104,107,108,111,112,113,115,117,118,119,122,123,124,125,126,127,128,129,130,133,134,138,},B={0,1,5,7,9,15,18,23,26,31,36,37,40,45,49,52,56,57,58,65,66,70,71,79,80,81,82,90,91,95,97,101,103,104,107,108,115,117,119,122,123,128,130,133,134,138,},V={0,4,8,10,11,13,14,15,16,17,19,20,23,24,27,29,31,32,34,36,38,42,43,45,48,})26
Action-(26,K={0,1,2,3,4,5,7,9,15,16,17,18,23,24,26,27,28,29,31,32,33,34,35,36,37,38,39,40,43,44,45,46,47,48,49,50,51,52,53,54,55,56,57,58,59,63,64,65,66,67,68,69,70,71,77,78,79,80,81,82,83,84,87,88,89,90,91,92,95,96,97,101,102,103,104,107,108,111,112,113,115,117,118,119,122,123,124,125,126,127,128,129,130,133,134,138,},B={0,1,5,7,9,15,18,23,26,31,36,37,40,45,49,52,56,57,58,65,66,70,71,79,80,81,82,88,90,91,95,97,101,103,104,107,108,115,117,119,122,123,128,130,133,134,138,},V={0,4,8,10,11,13,14,15,16,17,19,20,23,24,26,27,29,31,32,34,36,38,42,43,45,48,})9
Action-(9,K={0,1,2,3,4,5,7,9,12,15,16,17,18,21,23,24,25,26,27,28,29,30,31,32,33,34,35,36,37,38,39,40,43,44,45,46,47,48,49,50,51,52,53,54,55,56,57,58,59,63,64,65,66,67,68,69,70,71,77,78,79,80,81,82,83,84,87,88,89,90,91,92,95,96,97,101,102,103,104,107,108,111,112,113,115,117,118,119,122,123,124,125,126,127,128,129,130,133,134,138,},B={0,1,5,7,9,12,15,18,23,26,30,31,36,37,40,45,49,52,56,57,58,65,66,70,71,79,80,81,82,88,90,91,95,97,101,103,104,107,108,115,117,119,122,123,128,130,133,134,138,},V={0,4,8,9,10,11,13,14,15,16,17,19,20,23,24,26,27,29,31,32,34,36,38,42,43,45,48,})37
Action-(37,K={0,1,2,3,4,5,7,9,12,15,16,17,18,21,23,24,25,26,27,28,29,30,31,32,33,34,35,36,37,38,39,40,43,44,45,46,47,48,49,50,51,52,53,54,55,56,57,58,59,63,64,65,66,67,68,69,70,71,77,78,79,80,81,82,83,84,87,88,89,90,91,92,95,96,97,101,102,103,104,107,108,111,112,113,114,115,116,117,118,119,122,123,124,125,126,127,128,129,130,133,134,138,},B={0,1,5,7,9,12,15,18,23,26,30,31,36,37,40,45,49,52,56,57,58,65,66,70,71,79,80,81,82,88,90,91,95,97,101,103,104,107,108,115,116,117,119,122,123,128,130,133,134,138,},V={0,4,8,9,10,11,13,14,15,16,17,19,20,23,24,26,27,29,31,32,34,36,37,38,42,43,45,48,})25
Action-(25,K={0,1,2,3,4,5,7,9,12,15,16,17,18,21,23,24,25,26,27,28,29,30,31,32,33,34,35,36,37,38,39,40,43,44,45,46,47,48,49,50,51,52,53,54,55,56,57,58,59,63,64,65,66,67,68,69,70,71,77,78,79,80,81,82,83,84,85,86,87,88,89,90,91,92,95,96,97,101,102,103,104,107,108,111,112,113,114,115,116,117,118,119,122,123,124,125,126,127,128,129,130,133,134,138,},B={0,1,5,7,9,12,15,18,23,26,30,31,36,37,40,45,49,52,56,57,58,65,66,70,71,79,80,81,82,86,88,90,91,95,97,101,103,104,107,108,115,116,117,119,122,123,128,130,133,134,138,},V={0,4,8,9,10,11,13,14,15,16,17,19,20,23,24,25,26,27,29,31,32,34,36,37,38,42,43,45,48,})30
Action-(30,K={0,1,2,3,4,5,7,9,12,15,16,17,18,21,23,24,25,26,27,28,29,30,31,32,33,34,35,36,37,38,39,40,43,44,45,46,47,48,49,50,51,52,53,54,55,56,57,58,59,63,64,65,66,67,68,69,70,71,77,78,79,80,81,82,83,84,85,86,87,88,89,90,91,92,95,96,97,98,99,100,101,102,103,104,107,108,111,112,113,114,115,116,117,118,119,122,123,124,125,126,127,128,129,130,133,134,138,},B={0,1,5,7,9,12,15,18,23,26,30,31,36,37,40,45,49,52,56,57,58,65,66,70,71,79,80,81,82,86,88,90,91,95,97,99,101,103,104,107,108,115,116,117,119,122,123,128,130,133,134,138,},V={0,4,8,9,10,11,13,14,15,16,17,19,20,23,24,25,26,27,29,30,31,32,34,36,37,38,42,43,45,48,})46
Action-(46,K={0,1,2,3,4,5,7,9,12,15,16,17,18,21,23,24,25,26,27,28,29,30,31,32,33,34,35,36,37,38,39,40,43,44,45,46,47,48,49,50,51,52,53,54,55,56,57,58,59,63,64,65,66,67,68,69,70,71,77,78,79,80,81,82,83,84,85,86,87,88,89,90,91,92,95,96,97,98,99,100,101,102,103,104,106,107,108,110,111,112,113,114,115,116,117,118,119,120,122,123,124,125,126,127,128,129,130,131,133,134,135,136,138,},B={0,1,5,7,9,12,15,18,23,26,30,31,36,37,40,45,49,52,56,57,58,65,66,70,71,79,80,81,82,86,88,90,91,95,97,99,101,103,104,107,108,115,116,117,119,120,122,123,128,130,133,134,138,},V={0,4,8,9,10,11,13,14,15,16,17,19,20,23,24,25,26,27,29,30,31,32,34,36,37,38,42,43,45,46,48,})49
(608.1) 14Action-(-1,K={},B={},V={})0
Action-(0,K={0,1,2,3,4,5,},B={0,5,},V={0,})10
Action-(10,K={0,1,2,3,4,5,18,27,35,36,},B={0,5,27,35,36,},V={0,10,})4
Action-(4,K={0,1,2,3,4,5,7,9,15,16,17,18,27,35,36,},B={0,5,7,9,16,17,27,35,36,},V={0,4,10,})3
Action-(3,K={0,1,2,3,4,5,7,8,9,11,12,13,14,15,16,17,18,27,35,36,},B={0,5,7,8,9,11,12,13,16,17,27,35,36,},V={0,3,4,10,})2
Action-(2,K={0,1,2,3,4,5,6,7,8,9,10,11,12,13,14,15,16,17,18,27,35,36,},B={0,5,7,8,9,11,12,13,16,17,27,35,36,},V={0,2,3,4,10,})1
Action-(1,K={0,1,2,3,4,5,6,7,8,9,10,11,12,13,14,15,16,17,18,27,35,36,},B={0,5,7,8,9,11,12,13,16,17,27,35,36,},V={0,1,2,3,4,10,})5
Action-(5,K={0,1,2,3,4,5,6,7,8,9,10,11,12,13,14,15,16,17,18,19,20,21,27,35,36,},B={0,5,7,8,9,11,12,13,16,17,20,21,27,35,36,},V={0,1,2,3,4,5,10,})18
Action-(18,K={0,1,2,3,4,5,6,7,8,9,10,11,12,13,14,15,16,17,18,19,20,21,27,35,36,41,60,61,62,},B={0,5,7,8,9,11,12,13,16,17,20,21,27,35,36,62,},V={0,1,2,3,4,5,10,18,})12
Action-(12,K={0,1,2,3,4,5,6,7,8,9,10,11,12,13,14,15,16,17,18,19,20,21,27,30,35,36,40,41,42,60,61,62,},B={0,5,7,8,9,11,12,13,16,17,20,21,27,35,36,40,42,62,},V={0,1,2,3,4,5,10,12,18,})22
Action-(22,K={0,1,2,3,4,5,6,7,8,9,10,11,12,13,14,15,16,17,18,19,20,21,27,30,35,36,40,41,42,60,61,62,72,75,76,},B={0,5,7,8,9,11,12,13,16,17,20,21,27,35,36,40,42,62,76,},V={0,1,2,3,4,5,10,12,18,22,})21
Action-(21,K={0,1,2,3,4,5,6,7,8,9,10,11,12,13,14,15,16,17,18,19,20,21,27,30,35,36,40,41,42,52,60,61,62,72,73,74,75,76,},B={0,5,7,8,9,11,12,13,16,17,20,21,27,35,36,40,42,52,62,73,74,76,},V={0,1,2,3,4,5,10,12,18,21,22,})35
Action-(35,K={0,1,2,3,4,5,6,7,8,9,10,11,12,13,14,15,16,17,18,19,20,21,27,30,35,36,40,41,42,52,60,61,62,72,73,74,75,76,94,105,109,110,},B={0,5,7,8,9,11,12,13,16,17,20,21,27,35,36,40,42,52,62,73,74,76,94,109,110,},V={0,1,2,3,4,5,10,12,18,21,22,35,})33
Action-(33,K={0,1,2,3,4,5,6,7,8,9,10,11,12,13,14,15,16,17,18,19,20,21,27,30,35,36,40,41,42,52,60,61,62,72,73,74,75,76,93,94,98,101,105,106,109,110,},B={0,5,7,8,9,11,12,13,16,17,20,21,27,35,36,40,42,52,62,73,74,76,93,94,101,106,109,110,},V={0,1,2,3,4,5,10,12,18,21,22,33,35,})30
Action-(30,K={0,1,2,3,4,5,6,7,8,9,10,11,12,13,14,15,16,17,18,19,20,21,27,30,35,36,40,41,42,52,60,61,62,72,73,74,75,76,79,85,93,94,97,98,99,100,101,105,106,109,110,},B={0,5,7,8,9,11,12,13,16,17,20,21,27,35,36,40,42,52,62,73,74,76,93,94,97,99,101,106,109,110,},V={0,1,2,3,4,5,10,12,18,21,22,30,33,35,})46
Action-(46,K={0,1,2,3,4,5,6,7,8,9,10,11,12,13,14,15,16,17,18,19,20,21,27,30,35,36,40,41,42,52,60,61,62,72,73,74,75,76,79,85,93,94,97,98,99,100,101,105,106,109,110,120,131,135,136,},B={0,5,7,8,9,11,12,13,16,17,20,21,27,35,36,40,42,52,62,73,74,76,93,94,97,99,101,106,109,110,136,},V={0,1,2,3,4,5,10,12,18,21,22,30,33,35,46,})47
Action-(47,K={0,1,2,3,4,5,6,7,8,9,10,11,12,13,14,15,16,17,18,19,20,21,27,30,35,36,40,41,42,52,60,61,62,72,73,74,75,76,79,85,93,94,97,98,99,100,101,105,106,109,110,120,131,132,133,135,136,137,},B={0,5,7,8,9,11,12,13,16,17,20,21,27,35,36,40,42,52,62,73,74,76,93,94,97,99,101,106,109,110,136,137,},V={0,1,2,3,4,5,10,12,18,21,22,30,33,35,46,47,})45
Action-(45,K={0,1,2,3,4,5,6,7,8,9,10,11,12,13,14,15,16,17,18,19,20,21,27,30,35,36,40,41,42,52,60,61,62,72,73,74,75,76,79,85,93,94,97,98,99,100,101,105,106,109,110,117,120,126,130,131,132,133,134,135,136,137,},B={0,5,7,8,9,11,12,13,16,17,20,21,27,35,36,40,42,52,62,73,74,76,93,94,97,99,101,106,109,110,117,130,136,137,},V={0,1,2,3,4,5,10,12,18,21,22,30,33,35,45,46,47,})49
(612.5) 15Action-(-1,K={},B={},V={})0
Action-(0,K={0,1,2,3,4,5,},B={2,5,},V={0,})1
Action-(1,K={0,1,2,3,4,5,6,7,},B={2,5,7,},V={0,1,})4
Action-(4,K={0,1,2,3,4,5,6,7,9,15,16,17,18,},B={2,5,7,9,15,16,},V={0,1,4,})10
Action-(10,K={0,1,2,3,4,5,6,7,9,15,16,17,18,27,35,36,},B={2,5,7,9,15,16,35,36,},V={0,1,4,10,})8
Action-(8,K={0,1,2,3,4,5,6,7,9,15,16,17,18,23,24,27,28,29,35,36,},B={2,5,7,9,15,16,23,28,35,36,},V={0,1,4,8,10,})13
Action-(13,K={0,1,2,3,4,5,6,7,9,15,16,17,18,23,24,26,27,28,29,31,35,36,37,43,44,45,},B={2,5,7,9,15,16,23,26,28,31,35,36,37,44,45,},V={0,1,4,8,10,13,})2
Action-(2,K={0,1,2,3,4,5,6,7,8,9,10,15,16,17,18,23,24,26,27,28,29,31,35,36,37,43,44,45,},B={2,5,7,8,9,15,16,23,26,28,31,35,36,37,44,45,},V={0,1,2,4,8,10,13,})5
Action-(5,K={0,1,2,3,4,5,6,7,8,9,10,11,15,16,17,18,19,20,21,23,24,26,27,28,29,31,35,36,37,43,44,45,},B={2,5,7,8,9,11,15,16,19,23,26,28,31,35,36,37,44,45,},V={0,1,2,4,5,8,10,13,})7
Action-(7,K={0,1,2,3,4,5,6,7,8,9,10,11,15,16,17,18,19,20,21,22,23,24,25,26,27,28,29,31,35,36,37,43,44,45,},B={2,5,7,8,9,11,15,16,19,23,26,28,31,35,36,37,44,45,},V={0,1,2,4,5,7,8,10,13,})6
Action-(6,K={0,1,2,3,4,5,6,7,8,9,10,11,15,16,17,18,19,20,21,22,23,24,25,26,27,28,29,31,35,36,37,43,44,45,},B={2,5,7,8,9,11,15,16,19,23,26,28,31,35,36,37,44,45,},V={0,1,2,4,5,6,7,8,10,13,})9
Action-(9,K={0,1,2,3,4,5,6,7,8,9,10,11,12,15,16,17,18,19,20,21,22,23,24,25,26,27,28,29,30,31,32,33,34,35,36,37,43,44,45,},B={2,5,7,8,9,11,15,16,19,23,26,28,30,31,32,35,36,37,44,45,},V={0,1,2,4,5,6,7,8,9,10,13,})15
Action-(15,K={0,1,2,3,4,5,6,7,8,9,10,11,12,15,16,17,18,19,20,21,22,23,24,25,26,27,28,29,30,31,32,33,34,35,36,37,43,44,45,46,48,49,50,},B={2,5,7,8,9,11,15,16,19,23,26,28,30,31,32,35,36,37,44,45,48,49,},V={0,1,2,4,5,6,7,8,9,10,13,15,})14
Action-(14,K={0,1,2,3,4,5,6,7,8,9,10,11,12,15,16,17,18,19,20,21,22,23,24,25,26,27,28,29,30,31,32,33,34,35,36,37,43,44,45,46,47,48,49,50,},B={2,5,7,8,9,11,15,16,19,23,26,28,30,31,32,35,36,37,44,45,48,49,},V={0,1,2,4,5,6,7,8,9,10,13,14,15,})20
Action-(20,K={0,1,2,3,4,5,6,7,8,9,10,11,12,15,16,17,18,19,20,21,22,23,24,25,26,27,28,29,30,31,32,33,34,35,36,37,43,44,45,46,47,48,49,50,51,57,66,67,68,69,70,71,},B={2,5,7,8,9,11,15,16,19,23,26,28,30,31,32,35,36,37,44,45,48,49,51,66,67,69,70,},V={0,1,2,4,5,6,7,8,9,10,13,14,15,20,})41
Action-(41,K={0,1,2,3,4,5,6,7,8,9,10,11,12,15,16,17,18,19,20,21,22,23,24,25,26,27,28,29,30,31,32,33,34,35,36,37,43,44,45,46,47,48,49,50,51,57,59,66,67,68,69,70,71,91,111,121,123,124,125,},B={2,5,7,8,9,11,15,16,19,23,26,28,30,31,32,35,36,37,44,45,48,49,51,66,67,69,70,91,121,123,125,},V={0,1,2,4,5,6,7,8,9,10,13,14,15,20,41,})17
Action-(17,K={0,1,2,3,4,5,6,7,8,9,10,11,12,15,16,17,18,19,20,21,22,23,24,25,26,27,28,29,30,31,32,33,34,35,36,37,43,44,45,46,47,48,49,50,51,56,57,58,59,66,67,68,69,70,71,91,111,121,123,124,125,},B={2,5,7,8,9,11,15,16,19,23,26,28,30,31,32,35,36,37,44,45,48,49,51,56,58,66,67,69,70,91,121,123,125,},V={0,1,2,4,5,6,7,8,9,10,13,14,15,17,20,41,})43
Action-(43,K={0,1,2,3,4,5,6,7,8,9,10,11,12,15,16,17,18,19,20,21,22,23,24,25,26,27,28,29,30,31,32,33,34,35,36,37,43,44,45,46,47,48,49,50,51,56,57,58,59,66,67,68,69,70,71,91,111,112,121,123,124,125,129,},B={2,5,7,8,9,11,15,16,19,23,26,28,30,31,32,35,36,37,44,45,48,49,51,56,58,66,67,69,70,91,121,123,125,129,},V={0,1,2,4,5,6,7,8,9,10,13,14,15,17,20,41,43,})34
Action-(34,K={0,1,2,3,4,5,6,7,8,9,10,11,12,15,16,17,18,19,20,21,22,23,24,25,26,27,28,29,30,31,32,33,34,35,36,37,43,44,45,46,47,48,49,50,51,56,57,58,59,66,67,68,69,70,71,87,91,107,108,111,112,121,123,124,125,129,},B={2,5,7,8,9,11,15,16,19,23,26,28,30,31,32,35,36,37,44,45,48,49,51,56,58,66,67,69,70,91,107,121,123,125,129,},V={0,1,2,4,5,6,7,8,9,10,13,14,15,17,20,34,41,43,})44
Action-(44,K={0,1,2,3,4,5,6,7,8,9,10,11,12,15,16,17,18,19,20,21,22,23,24,25,26,27,28,29,30,31,32,33,34,35,36,37,43,44,45,46,47,48,49,50,51,56,57,58,59,66,67,68,69,70,71,86,87,88,91,99,107,108,111,112,116,121,123,124,125,129,130,131,132,},B={2,5,7,8,9,11,15,16,19,23,26,28,30,31,32,35,36,37,44,45,48,49,51,56,58,66,67,69,70,86,91,99,107,116,121,123,125,129,130,},V={0,1,2,4,5,6,7,8,9,10,13,14,15,17,20,34,41,43,44,})46
Action-(46,K={0,1,2,3,4,5,6,7,8,9,10,11,12,15,16,17,18,19,20,21,22,23,24,25,26,27,28,29,30,31,32,33,34,35,36,37,43,44,45,46,47,48,49,50,51,56,57,58,59,66,67,68,69,70,71,86,87,88,91,99,100,106,107,108,110,111,112,116,120,121,123,124,125,129,130,131,132,135,136,},B={2,5,7,8,9,11,15,16,19,23,26,28,30,31,32,35,36,37,44,45,48,49,51,56,58,66,67,69,70,86,91,99,106,107,110,116,120,121,123,125,129,130,},V={0,1,2,4,5,6,7,8,9,10,13,14,15,17,20,34,41,43,44,46,})49
(614.6) 16Action-(-1,K={},B={},V={})0
Action-(0,K={0,1,2,3,4,5,},B={2,4,5,},V={0,})4
Action-(4,K={0,1,2,3,4,5,7,9,15,16,17,18,},B={2,4,5,9,16,18,},V={0,4,})1
Action-(1,K={0,1,2,3,4,5,6,7,9,15,16,17,18,},B={2,4,5,9,16,18,},V={0,1,4,})8
Action-(8,K={0,1,2,3,4,5,6,7,9,15,16,17,18,23,24,27,28,29,},B={2,4,5,9,16,18,23,28,},V={0,1,4,8,})2
Action-(2,K={0,1,2,3,4,5,6,7,8,9,10,15,16,17,18,23,24,27,28,29,},B={2,4,5,8,9,16,18,23,28,},V={0,1,2,4,8,})5
Action-(5,K={0,1,2,3,4,5,6,7,8,9,10,11,15,16,17,18,19,20,21,23,24,27,28,29,},B={2,4,5,8,9,11,16,18,23,28,},V={0,1,2,4,5,8,})6
Action-(6,K={0,1,2,3,4,5,6,7,8,9,10,11,15,16,17,18,19,20,21,22,23,24,27,28,29,},B={2,4,5,8,9,11,16,18,23,28,},V={0,1,2,4,5,6,8,})7
Action-(7,K={0,1,2,3,4,5,6,7,8,9,10,11,15,16,17,18,19,20,21,22,23,24,25,26,27,28,29,},B={2,4,5,8,9,11,16,18,23,25,26,28,},V={0,1,2,4,5,6,7,8,})10
Action-(10,K={0,1,2,3,4,5,6,7,8,9,10,11,15,16,17,18,19,20,21,22,23,24,25,26,27,28,29,35,36,},B={2,4,5,8,9,11,16,18,23,25,26,28,35,},V={0,1,2,4,5,6,7,8,10,})13
Action-(13,K={0,1,2,3,4,5,6,7,8,9,10,11,15,16,17,18,19,20,21,22,23,24,25,26,27,28,29,31,35,36,37,43,44,45,},B={2,4,5,8,9,11,16,18,23,25,26,28,31,35,37,44,45,},V={0,1,2,4,5,6,7,8,10,13,})24
Action-(24,K={0,1,2,3,4,5,6,7,8,9,10,11,15,16,17,18,19,20,21,22,23,24,25,26,27,28,29,31,35,36,37,39,43,44,45,63,81,82,83,},B={2,4,5,8,9,11,16,18,23,25,26,28,31,35,37,44,45,82,83,},V={0,1,2,4,5,6,7,8,10,13,24,})29
Action-(29,K={0,1,2,3,4,5,6,7,8,9,10,11,15,16,17,18,19,20,21,22,23,24,25,26,27,28,29,31,35,36,37,39,43,44,45,63,81,82,83,95,96,},B={2,4,5,8,9,11,16,18,23,25,26,28,31,35,37,44,45,82,83,95,},V={0,1,2,4,5,6,7,8,10,13,24,29,})38
Action-(38,K={0,1,2,3,4,5,6,7,8,9,10,11,15,16,17,18,19,20,21,22,23,24,25,26,27,28,29,31,35,36,37,39,43,44,45,63,81,82,83,95,96,103,118,119,},B={2,4,5,8,9,11,16,18,23,25,26,28,31,35,37,44,45,82,83,95,119,},V={0,1,2,4,5,6,7,8,10,13,24,29,38,})48
Action-(48,K={0,1,2,3,4,5,6,7,8,9,10,11,15,16,17,18,19,20,21,22,23,24,25,26,27,28,29,31,35,36,37,39,43,44,45,63,81,82,83,95,96,103,104,113,118,119,125,127,129,138,},B={2,4,5,8,9,11,16,18,23,25,26,28,31,35,37,44,45,82,83,95,104,119,},V={0,1,2,4,5,6,7,8,10,13,24,29,38,48,})49
(601.1) 17Action-(-1,K={},B={},V={})0
Action-(0,K={0,1,2,3,4,5,},B={0,2,5,},V={0,})10
Action-(10,K={0,1,2,3,4,5,18,27,35,36,},B={0,2,5,},V={0,10,})24
Action-(24,K={0,1,2,3,4,5,18,27,35,36,39,63,81,82,83,},B={0,2,5,81,82,},V={0,10,24,})38
Action-(38,K={0,1,2,3,4,5,18,27,35,36,39,63,81,82,83,96,103,118,119,},B={0,2,5,81,82,96,103,118,119,},V={0,10,24,38,})19
Action-(19,K={0,1,2,3,4,5,18,27,35,36,38,39,45,56,63,64,65,81,82,83,96,103,118,119,},B={0,2,5,38,45,56,65,81,82,96,103,118,119,},V={0,10,19,24,38,})11
Action-(11,K={0,1,2,3,4,5,18,27,28,35,36,37,38,39,45,56,63,64,65,81,82,83,96,103,118,119,},B={0,2,5,38,45,56,65,81,82,96,103,118,119,},V={0,10,11,19,24,38,})8
Action-(8,K={0,1,2,3,4,5,17,18,23,24,27,28,29,35,36,37,38,39,45,56,63,64,65,81,82,83,96,103,118,119,},B={0,2,5,17,23,38,45,56,65,81,82,96,103,118,119,},V={0,8,10,11,19,24,38,})4
Action-(4,K={0,1,2,3,4,5,7,9,15,16,17,18,23,24,27,28,29,35,36,37,38,39,45,56,63,64,65,81,82,83,96,103,118,119,},B={0,2,5,9,16,17,23,38,45,56,65,81,82,96,103,118,119,},V={0,4,8,10,11,19,24,38,})1
Action-(1,K={0,1,2,3,4,5,6,7,9,15,16,17,18,23,24,27,28,29,35,36,37,38,39,45,56,63,64,65,81,82,83,96,103,118,119,},B={0,2,5,9,16,17,23,38,45,56,65,81,82,96,103,118,119,},V={0,1,4,8,10,11,19,24,38,})2
Action-(2,K={0,1,2,3,4,5,6,7,8,9,10,15,16,17,18,23,24,27,28,29,35,36,37,38,39,45,56,63,64,65,81,82,83,96,103,118,119,},B={0,2,5,9,16,17,23,38,45,56,65,81,82,96,103,118,119,},V={0,1,2,4,8,10,11,19,24,38,})5
Action-(5,K={0,1,2,3,4,5,6,7,8,9,10,11,15,16,17,18,19,20,21,23,24,27,28,29,35,36,37,38,39,45,56,63,64,65,81,82,83,96,103,118,119,},B={0,2,5,9,16,17,23,38,45,56,65,81,82,96,103,118,119,},V={0,1,2,4,5,8,10,11,19,24,38,})6
Action-(6,K={0,1,2,3,4,5,6,7,8,9,10,11,15,16,17,18,19,20,21,22,23,24,27,28,29,35,36,37,38,39,45,56,63,64,65,81,82,83,96,103,118,119,},B={0,2,5,9,16,17,23,38,45,56,65,81,82,96,103,118,119,},V={0,1,2,4,5,6,8,10,11,19,24,38,})7
Action-(7,K={0,1,2,3,4,5,6,7,8,9,10,11,15,16,17,18,19,20,21,22,23,24,25,26,27,28,29,35,36,37,38,39,45,56,63,64,65,81,82,83,96,103,118,119,},B={0,2,5,9,16,17,23,25,38,45,56,65,81,82,96,103,118,119,},V={0,1,2,4,5,6,7,8,10,11,19,24,38,})13
Action-(13,K={0,1,2,3,4,5,6,7,8,9,10,11,15,16,17,18,19,20,21,22,23,24,25,26,27,28,29,31,35,36,37,38,39,43,44,45,56,63,64,65,81,82,83,96,103,118,119,},B={0,2,5,9,16,17,23,25,31,38,43,44,45,56,65,81,82,96,103,118,119,},V={0,1,2,4,5,6,7,8,10,11,13,19,24,38,})3
Action-(3,K={0,1,2,3,4,5,6,7,8,9,10,11,12,13,14,15,16,17,18,19,20,21,22,23,24,25,26,27,28,29,31,35,36,37,38,39,43,44,45,56,63,64,65,81,82,83,96,103,118,119,},B={0,2,5,9,14,16,17,23,25,31,38,43,44,45,56,65,81,82,96,103,118,119,},V={0,1,2,3,4,5,6,7,8,10,11,13,19,24,38,})9
Action-(9,K={0,1,2,3,4,5,6,7,8,9,10,11,12,13,14,15,16,17,18,19,20,21,22,23,24,25,26,27,28,29,30,31,32,33,34,35,36,37,38,39,43,44,45,56,63,64,65,81,82,83,96,103,118,119,},B={0,2,5,9,14,16,17,23,25,30,31,34,38,43,44,45,56,65,81,82,96,103,118,119,},V={0,1,2,3,4,5,6,7,8,9,10,11,13,19,24,38,})14
Action-(14,K={0,1,2,3,4,5,6,7,8,9,10,11,12,13,14,15,16,17,18,19,20,21,22,23,24,25,26,27,28,29,30,31,32,33,34,35,36,37,38,39,43,44,45,46,47,56,63,64,65,81,82,83,96,103,118,119,},B={0,2,5,9,14,16,17,23,25,30,31,34,38,43,44,45,56,65,81,82,96,103,118,119,},V={0,1,2,3,4,5,6,7,8,9,10,11,13,14,19,24,38,})17
Action-(17,K={0,1,2,3,4,5,6,7,8,9,10,11,12,13,14,15,16,17,18,19,20,21,22,23,24,25,26,27,28,29,30,31,32,33,34,35,36,37,38,39,43,44,45,46,47,49,56,57,58,59,63,64,65,81,82,83,96,103,118,119,},B={0,2,5,9,14,16,17,23,25,30,31,34,38,43,44,45,56,58,65,81,82,96,103,118,119,},V={0,1,2,3,4,5,6,7,8,9,10,11,13,14,17,19,24,38,})41
Action-(41,K={0,1,2,3,4,5,6,7,8,9,10,11,12,13,14,15,16,17,18,19,20,21,22,23,24,25,26,27,28,29,30,31,32,33,34,35,36,37,38,39,43,44,45,46,47,49,56,57,58,59,63,64,65,71,81,82,83,91,96,103,111,118,119,121,123,124,125,},B={0,2,5,9,14,16,17,23,25,30,31,34,38,43,44,45,56,58,65,81,82,96,103,118,119,},V={0,1,2,3,4,5,6,7,8,9,10,11,13,14,17,19,24,38,41,})42
Action-(42,K={0,1,2,3,4,5,6,7,8,9,10,11,12,13,14,15,16,17,18,19,20,21,22,23,24,25,26,27,28,29,30,31,32,33,34,35,36,37,38,39,43,44,45,46,47,49,56,57,58,59,63,64,65,71,81,82,83,91,96,103,111,115,118,119,121,122,123,124,125,126,127,128,},B={0,2,5,9,14,16,17,23,25,30,31,34,38,43,44,45,56,58,65,81,82,96,103,118,119,122,126,128,},V={0,1,2,3,4,5,6,7,8,9,10,11,13,14,17,19,24,38,41,42,})43
Action-(43,K={0,1,2,3,4,5,6,7,8,9,10,11,12,13,14,15,16,17,18,19,20,21,22,23,24,25,26,27,28,29,30,31,32,33,34,35,36,37,38,39,43,44,45,46,47,49,56,57,58,59,63,64,65,71,81,82,83,91,96,103,111,112,115,118,119,121,122,123,124,125,126,127,128,129,},B={0,2,5,9,14,16,17,23,25,30,31,34,38,43,44,45,56,58,65,81,82,96,103,118,119,122,126,128,129,},V={0,1,2,3,4,5,6,7,8,9,10,11,13,14,17,19,24,38,41,42,43,})40
Action-(40,K={0,1,2,3,4,5,6,7,8,9,10,11,12,13,14,15,16,17,18,19,20,21,22,23,24,25,26,27,28,29,30,31,32,33,34,35,36,37,38,39,43,44,45,46,47,49,56,57,58,59,63,64,65,70,71,81,82,83,91,96,103,111,112,114,115,118,119,121,122,123,124,125,126,127,128,129,},B={0,2,5,9,14,16,17,23,25,30,31,34,38,43,44,45,56,58,65,70,81,82,96,103,118,119,122,126,128,129,},V={0,1,2,3,4,5,6,7,8,9,10,11,13,14,17,19,24,38,40,41,42,43,})37
Action-(37,K={0,1,2,3,4,5,6,7,8,9,10,11,12,13,14,15,16,17,18,19,20,21,22,23,24,25,26,27,28,29,30,31,32,33,34,35,36,37,38,39,43,44,45,46,47,49,56,57,58,59,63,64,65,69,70,71,81,82,83,91,96,103,107,111,112,114,115,116,117,118,119,121,122,123,124,125,126,127,128,129,},B={0,2,5,9,14,16,17,23,25,30,31,34,38,43,44,45,56,58,65,70,81,82,96,103,107,116,117,118,119,122,126,128,129,},V={0,1,2,3,4,5,6,7,8,9,10,11,13,14,17,19,24,37,38,40,41,42,43,})15
Action-(15,K={0,1,2,3,4,5,6,7,8,9,10,11,12,13,14,15,16,17,18,19,20,21,22,23,24,25,26,27,28,29,30,31,32,33,34,35,36,37,38,39,43,44,45,46,47,48,49,50,56,57,58,59,63,64,65,69,70,71,81,82,83,91,96,103,107,111,112,114,115,116,117,118,119,121,122,123,124,125,126,127,128,129,},B={0,2,5,9,14,16,17,23,25,30,31,34,38,43,44,45,48,56,58,65,70,81,82,96,103,107,116,117,118,119,122,126,128,129,},V={0,1,2,3,4,5,6,7,8,9,10,11,13,14,15,17,19,24,37,38,40,41,42,43,})20
Action-(20,K={0,1,2,3,4,5,6,7,8,9,10,11,12,13,14,15,16,17,18,19,20,21,22,23,24,25,26,27,28,29,30,31,32,33,34,35,36,37,38,39,43,44,45,46,47,48,49,50,51,56,57,58,59,63,64,65,66,67,68,69,70,71,81,82,83,91,96,103,107,111,112,114,115,116,117,118,119,121,122,123,124,125,126,127,128,129,},B={0,2,5,9,14,16,17,23,25,30,31,34,38,43,44,45,48,56,58,65,66,67,70,81,82,96,103,107,116,117,118,119,122,126,128,129,},V={0,1,2,3,4,5,6,7,8,9,10,11,13,14,15,17,19,20,24,37,38,40,41,42,43,})48
Action-(48,K={0,1,2,3,4,5,6,7,8,9,10,11,12,13,14,15,16,17,18,19,20,21,22,23,24,25,26,27,28,29,30,31,32,33,34,35,36,37,38,39,43,44,45,46,47,48,49,50,51,56,57,58,59,63,64,65,66,67,68,69,70,71,81,82,83,91,96,103,104,107,111,112,113,114,115,116,117,118,119,121,122,123,124,125,126,127,128,129,138,},B={0,2,5,9,14,16,17,23,25,30,31,34,38,43,44,45,48,56,58,65,66,67,70,81,82,96,103,104,107,116,117,118,119,122,126,128,129,},V={0,1,2,3,4,5,6,7,8,9,10,11,13,14,15,17,19,20,24,37,38,40,41,42,43,48,})49
(603.5) 18Action-(-1,K={},B={},V={})0
Action-(0,K={0,1,2,3,4,5,},B={0,3,},V={0,})2
Action-(2,K={0,1,2,3,4,5,6,8,9,10,},B={0,3,8,9,10,},V={0,2,})1
Action-(1,K={0,1,2,3,4,5,6,7,8,9,10,},B={0,3,7,8,9,10,},V={0,1,2,})18
Action-(18,K={0,1,2,3,4,5,6,7,8,9,10,14,41,60,61,62,},B={0,3,7,8,9,10,},V={0,1,2,18,})22
Action-(22,K={0,1,2,3,4,5,6,7,8,9,10,14,41,60,61,62,72,75,76,},B={0,3,7,8,9,10,},V={0,1,2,18,22,})39
Action-(39,K={0,1,2,3,4,5,6,7,8,9,10,14,41,60,61,62,72,75,76,109,120,},B={0,3,7,8,9,10,109,120,},V={0,1,2,18,22,39,})35
Action-(35,K={0,1,2,3,4,5,6,7,8,9,10,14,41,60,61,62,72,74,75,76,94,105,109,110,120,},B={0,3,7,8,9,10,74,94,105,109,120,},V={0,1,2,18,22,35,39,})46
Action-(46,K={0,1,2,3,4,5,6,7,8,9,10,14,41,60,61,62,72,74,75,76,94,100,105,106,109,110,120,131,135,136,},B={0,3,7,8,9,10,74,94,100,105,106,109,120,131,},V={0,1,2,18,22,35,39,46,})49
(582.3) 19Action-(-1,K={},B={},V={})0
Action-(0,K={0,1,2,3,4,5,},B={0,1,3,4,5,},V={0,})3
Action-(3,K={0,1,2,3,4,5,8,11,12,13,14,},B={0,1,3,4,5,8,11,12,13,},V={0,3,})18
Action-(18,K={0,1,2,3,4,5,8,11,12,13,14,41,60,61,62,},B={0,1,3,4,5,8,11,12,13,41,60,},V={0,3,18,})22
Action-(22,K={0,1,2,3,4,5,8,11,12,13,14,41,60,61,62,72,75,76,},B={0,1,3,4,5,8,11,12,13,41,60,75,76,},V={0,3,18,22,})39
Action-(39,K={0,1,2,3,4,5,8,11,12,13,14,41,60,61,62,72,75,76,109,120,},B={0,1,3,4,5,8,11,12,13,41,60,75,76,},V={0,3,18,22,39,})46
Action-(46,K={0,1,2,3,4,5,8,11,12,13,14,41,60,61,62,72,75,76,100,106,109,110,120,131,135,136,},B={0,1,3,4,5,8,11,12,13,41,60,75,76,136,},V={0,3,18,22,39,46,})47
Action-(47,K={0,1,2,3,4,5,8,11,12,13,14,41,60,61,62,72,75,76,100,106,109,110,120,131,132,133,135,136,137,},B={0,1,3,4,5,8,11,12,13,41,60,75,76,132,136,137,},V={0,3,18,22,39,46,47,})45
Action-(45,K={0,1,2,3,4,5,8,11,12,13,14,41,60,61,62,72,75,76,100,106,109,110,117,120,126,130,131,132,133,134,135,136,137,},B={0,1,3,4,5,8,11,12,13,41,60,75,76,126,130,132,136,137,},V={0,3,18,22,39,45,46,47,})49
(565.4)
max-branching=256
avg-branching=20.0
cache: #entries=0, #lookups=0, %hit=-nan
  item[0]: #entries=0, #buckets=11, max-bucket-size=0
  item[1]: #entries=0, #buckets=11, max-bucket-size=0
  item[2]: #entries=0, #buckets=11, max-bucket-size=0
  item[3]: #entries=0, #buckets=11, max-bucket-size=0
  item[4]: #entries=0, #buckets=11, max-bucket-size=0
  item[5]: #entries=0, #buckets=11, max-bucket-size=0
  item[6]: #entries=0, #buckets=11, max-bucket-size=0
  item[7]: #entries=0, #buckets=11, max-bucket-size=0
  item[8]: #entries=0, #buckets=11, max-bucket-size=0
  item[9]: #entries=0, #buckets=11, max-bucket-size=0
  item[10]: #entries=0, #buckets=11, max-bucket-size=0
  item[11]: #entries=0, #buckets=11, max-bucket-size=0
  item[12]: #entries=0, #buckets=11, max-bucket-size=0
  item[13]: #entries=0, #buckets=11, max-bucket-size=0
  item[14]: #entries=0, #buckets=11, max-bucket-size=0
  item[15]: #entries=0, #buckets=11, max-bucket-size=0
  item[16]: #entries=0, #buckets=11, max-bucket-size=0
  item[17]: #entries=0, #buckets=11, max-bucket-size=0
  item[18]: #entries=0, #buckets=11, max-bucket-size=0
  item[19]: #entries=0, #buckets=11, max-bucket-size=0
  item[20]: #entries=0, #buckets=11, max-bucket-size=0
  item[21]: #entries=0, #buckets=11, max-bucket-size=0
  item[22]: #entries=0, #buckets=11, max-bucket-size=0
  item[23]: #entries=0, #buckets=11, max-bucket-size=0
  item[24]: #entries=0, #buckets=11, max-bucket-size=0
  item[25]: #entries=0, #buckets=11, max-bucket-size=0
  item[26]: #entries=0, #buckets=11, max-bucket-size=0
  item[27]: #entries=0, #buckets=11, max-bucket-size=0
  item[28]: #entries=0, #buckets=11, max-bucket-size=0
  item[29]: #entries=0, #buckets=11, max-bucket-size=0
  item[30]: #entries=0, #buckets=11, max-bucket-size=0
  item[31]: #entries=0, #buckets=11, max-bucket-size=0
  item[32]: #entries=0, #buckets=11, max-bucket-size=0
  item[33]: #entries=0, #buckets=11, max-bucket-size=0
  item[34]: #entries=0, #buckets=11, max-bucket-size=0
  item[35]: #entries=0, #buckets=11, max-bucket-size=0
  item[36]: #entries=0, #buckets=11, max-bucket-size=0
  item[37]: #entries=0, #buckets=11, max-bucket-size=0
  item[38]: #entries=0, #buckets=11, max-bucket-size=0
  item[39]: #entries=0, #buckets=11, max-bucket-size=0
  item[40]: #entries=0, #buckets=11, max-bucket-size=0
  item[41]: #entries=0, #buckets=11, max-bucket-size=0
  item[42]: #entries=0, #buckets=11, max-bucket-size=0
  item[43]: #entries=0, #buckets=11, max-bucket-size=0
  item[44]: #entries=0, #buckets=11, max-bucket-size=0
  item[45]: #entries=0, #buckets=11, max-bucket-size=0
  item[46]: #entries=0, #buckets=11, max-bucket-size=0
  item[47]: #entries=0, #buckets=11, max-bucket-size=0
  item[48]: #entries=0, #buckets=11, max-bucket-size=0
  item[49]: #entries=0, #buckets=11, max-bucket-size=0
uct(random,width=800,depth=25,par=5)= 565.40002 78.55793 ( 35.51 secs 353 decisions)
stats: policy=uct(width=800,horizon=25,par=5,random-ties=false)
stats: decisions=353
stats: policy=random()
stats: decisions=5048393
