rm -f *~ core
rm -f *~ core
rm -f main.o sailing *~ core
g++ -Wall -O3 -ffloat-store -g -ffast-math -msse -I../engine -DNDEBUG -std=c++0x -c main.cc
g++ -Wall -O3 -ffloat-store -g -ffast-math -msse -I../engine -DNDEBUG -std=c++0x -o sailing main.o
seed=0
#trials=100: 0(29.98)[-nan] 1(29.10)[0.88] 2(27.76)[1.13] 3(30.53)[1.98] 4(30.15)[2.56] 5(31.29)[2.13] 6(31.31)[2.02] 7(31.62)[1.73] 8(32.66)[1.58] 9(32.41)[1.68] 10(32.27)[1.53] 11(31.93)[1.40] 12(32.31)[1.33] 13(31.92)[1.28] 14(31.80)[1.25] 15(31.96)[1.17] 16(32.17)[1.11] 17(31.90)[1.06] 18(31.51)[1.04] 19(31.77)[1.05] 20(31.52)[1.03] 21(31.50)[1.01] 22(31.76)[0.97] 23(32.15)[0.96] 24(32.11)[0.99] 25(31.92)[0.96] 26(31.99)[0.94] 27(32.23)[0.91] 28(32.22)[0.90] 29(32.35)[0.87] 30(32.25)[0.85] 31(32.29)[0.83] 32(32.35)[0.81] 33(32.24)[0.78] 34(32.21)[0.77] 35(32.07)[0.75] 36(31.94)[0.74] 37(31.92)[0.73] 38(31.73)[0.71] 39(31.65)[0.72] 40(31.55)[0.70] 41(31.64)[0.69] 42(31.63)[0.68] 43(31.56)[0.67] 44(31.40)[0.66] 45(31.37)[0.66] 46(31.42)[0.65] 47(31.30)[0.63] 48(31.25)[0.63] 49(31.26)[0.62] 50(31.16)[0.61] 51(31.21)[0.61] 52(31.19)[0.60] 53(31.17)[0.59] 54(31.26)[0.58] 55(31.20)[0.57] 56(31.24)[0.56] 57(31.18)[0.56] 58(31.21)[0.55] 59(31.15)[0.54] 60(31.09)[0.54] 61(31.12)[0.53] 62(31.07)[0.52] 63(31.02)[0.52] 64(31.12)[0.51] 65(31.11)[0.51] 66(31.14)[0.51] 67(31.14)[0.50] 68(31.10)[0.49] 69(31.08)[0.49] 70(31.06)[0.48] 71(31.09)[0.47] 72(31.10)[0.47] 73(31.14)[0.46] 74(31.12)[0.46] 75(31.05)[0.45] 76(31.07)[0.45] 77(31.13)[0.45] 78(31.19)[0.44] 79(31.17)[0.44] 80(31.23)[0.44] 81(31.36)[0.44] 82(31.30)[0.45] 83(31.32)[0.45] 84(31.29)[0.44] 85(31.28)[0.44] 86(31.23)[0.44] 87(31.16)[0.43] 88(31.27)[0.43] 89(31.23)[0.44] 90(31.19)[0.44] 91(31.13)[0.44] 92(31.10)[0.44] 93(31.06)[0.43] 94(31.03)[0.43] 95(31.06)[0.43] 96(31.01)[0.42] 97(30.98)[0.42] 98(31.01)[0.42] 99(31.00)[0.42]
uct(random,width=300,depth=50,par=5)= 31.00333 0.41566 ( 57.83 secs 10000 decisions)
stats: policy=uct(width=300,horizon=50,par=5,random-ties=false)
stats: decisions=10000
stats: policy=random()
stats: decisions=140955374
